name,zip code tabulation area,zt36 d00,perimeter,lsad trans,zt36 d00 i,lsad,area,latitude,longitude,Total Population per ZIP Code
12066,12066,1002,0.218113754,5-Digit ZCTA,1001,Z5,0.001229053,42.7544165,-74.269928,2143
14723,14723,1293,0.661908318,5-Digit ZCTA,1292,Z5,0.011282138,42.310052,-79.1440105,1295
12210,12210,1087,0.086074115,5-Digit ZCTA,1086,Z5,0.000259628,42.657779,-73.7580645,10158
12059,12059,1062,0.595556391,5-Digit ZCTA,1061,Z5,0.008200892,42.6257485,-74.0616095,1632
13319,13319,763,0.117063158,5-Digit ZCTA,762,Z5,0.000423171,43.030219,-75.2773525,1079
12546,12546,1518,0.700215641,5-Digit ZCTA,1517,Z5,0.013021401,41.9789335,-73.551218,3039
12740,12740,1555,1.045261008,5-Digit ZCTA,1554,Z5,0.019198774,41.874709,-74.4706615,1886
145HH,145HH,488,0.135984514,5-Digit ZCTA,487,Z5,6.48E-05,43.339757,-78.2163785,
11213,11213,2142,0.07360854,5-Digit ZCTA,2141,Z5,0.000299466,40.6717475,-73.936036,63767
121HH,121HH,1232,0.059680643,5-Digit ZCTA,1231,Z5,0.000102267,42.443473,-74.4549885,
12455,12455,1385,0.1438971,5-Digit ZCTA,1384,Z5,0.000484853,42.223558,-74.5319255,
10704,10704,1867,0.127572237,5-Digit ZCTA,1866,Z5,0.000777779,40.921138,-73.860757,30165
13491,13491,835,1.185453741,5-Digit ZCTA,834,Z5,0.021613229,42.862661,-75.1763705,3641
13403,13403,574,0.471476246,5-Digit ZCTA,573,Z5,0.007825129,43.171142,-75.2721605,
13634,13634,262,0.948336551,5-Digit ZCTA,261,Z5,0.01354587,44.020479,-76.08627,3984
12831,12831,579,0.024843352,5-Digit ZCTA,578,Z5,2.41E-05,43.209394,-73.582442,
14622,14622,556,0.217107658,5-Digit ZCTA,555,Z5,0.001431949,43.219013,-77.5569725,12108
12749,12749,1636,0.168618924,5-Digit ZCTA,1635,Z5,0.000574022,41.6896635,-74.8284055,300
13313,13313,908,0.145277631,5-Digit ZCTA,907,Z5,0.000548121,42.879714,-75.2683935,526
10595,10595,1816,0.05832697,5-Digit ZCTA,1815,Z5,9.31E-05,41.0835805,-73.753295,8195
12941,12941,153,0.073175689,5-Digit ZCTA,152,Z5,0.00012998,44.440412,-73.715002,
14607,14607,636,0.120546632,5-Digit ZCTA,635,Z5,0.000510791,43.151763,-77.579673,16223
12844,12844,434,0.221121837,5-Digit ZCTA,433,Z5,0.000796813,43.4896925,-73.6210615,199
12022,12022,1041,0.382911588,5-Digit ZCTA,1040,Z5,0.006827493,42.6679305,-73.32572465,929
14080,14080,1068,0.648293636,5-Digit ZCTA,1067,Z5,0.015651306,42.633266,-78.543738,4330
12035,12035,1021,0.439476238,5-Digit ZCTA,1020,Z5,0.003863884,42.720565,-74.384722,802
120HH,120HH,938,0.08554884,5-Digit ZCTA,937,Z5,5.58E-05,42.841645,-73.913018,
11354,11354,2009,0.13925087,5-Digit ZCTA,2008,Z5,0.000608529,40.76598,-73.8264125,54878
12814,12814,416,0.024669317,5-Digit ZCTA,415,Z5,3.09E-05,43.5593975,-73.6465635,1574
12768,12768,1563,0.540395576,5-Digit ZCTA,1562,Z5,0.009825351,41.86386,-74.704596,1131
145HH,145HH,498,0.152716071,5-Digit ZCTA,497,Z5,0.000118934,43.3146555,-78.2662005,
11758,11758,2232,0.031660098,5-Digit ZCTA,2231,Z5,4.16E-05,40.6112015,-73.4786695,
10580,10580,2328,0.063434633,5-Digit ZCTA,2327,Z5,9.28E-05,40.97412552,-73.663572,17208
12751,12751,1639,0.152838795,5-Digit ZCTA,1638,Z5,0.000585493,41.682057,-74.657489,1054
14731,14731,1297,0.754627611,5-Digit ZCTA,1296,Z5,0.013395599,42.3083625,-78.646747,1576
11732,11732,1911,0.106414999,5-Digit ZCTA,1910,Z5,0.00038511,40.8541985,-73.5356185,3430
13780,13780,1214,0.5328425,5-Digit ZCTA,1213,Z5,0.005117301,42.417215,-75.459081,1045
103HH,103HH,2429,0.215099672,5-Digit ZCTA,2428,Z5,0.000123115,40.5801495,-74.18282453,
13614,13614,105,0.245553242,5-Digit ZCTA,104,Z5,0.002598631,44.5359575,-75.6969,357
11705,11705,2017,0.149490984,5-Digit ZCTA,2016,Z5,0.000980141,40.747482,-73.0558745,8030
14550,14550,1047,0.499079857,5-Digit ZCTA,1046,Z5,0.007052746,42.6779525,-78.104366,1537
10039,10039,1946,0.044508076,5-Digit ZCTA,1945,Z5,8.32E-05,40.827635,-73.9383885,24527
121HH,121HH,543,0.874589962,5-Digit ZCTA,542,Z5,0.005868673,43.170238,-74.1772805,
12496,12496,1289,0.437447942,5-Digit ZCTA,1288,Z5,0.007879786,42.328902,-74.2299095,1634
14626,14626,554,0.306053937,5-Digit ZCTA,553,Z5,0.004161764,43.2125425,-77.712528,30041
14810,14810,1210,1.461512934,5-Digit ZCTA,1209,Z5,0.035465036,42.3590585,-77.352368,12356
11702,11702,2184,0.049322509,5-Digit ZCTA,2183,Z5,0.000128385,40.629401,-73.406267,
133HH,133HH,360,0.081359174,5-Digit ZCTA,359,Z5,0.000110074,43.7280095,-75.1094355,
11797,11797,1939,0.158187214,5-Digit ZCTA,1938,Z5,0.001404422,40.8181485,-73.4702165,9041
10603,10603,1823,0.216809469,5-Digit ZCTA,1822,Z5,0.001340573,41.0572005,-73.7779855,17045
13438,13438,457,0.072630422,5-Digit ZCTA,456,Z5,0.000131537,43.408907,-75.1709515,3789
12514,12514,1558,0.583966618,5-Digit ZCTA,1557,Z5,0.007838814,41.8839405,-73.7618705,2938
136HH,136HH,266,0.148506614,5-Digit ZCTA,265,Z5,0.000113428,44.04632,-75.697889,
11234,11234,2199,0.036040134,5-Digit ZCTA,2198,Z5,5.46E-05,40.619449,-73.836492,
128HH,128HH,268,0.036905658,5-Digit ZCTA,267,Z5,8.60E-05,44.048103,-74.19669,
133HH,133HH,312,0.088448609,5-Digit ZCTA,311,Z5,0.000123945,43.9166435,-75.2123445,
12724,12724,1570,0.31524968,5-Digit ZCTA,1569,Z5,0.002621441,41.857495,-74.9437915,245
13156,13156,2269,0.459718224,5-Digit ZCTA,2268,Z5,0.009043627,43.34334004,-76.6657993,2000
13205,13205,772,0.178628707,5-Digit ZCTA,771,Z5,0.001034899,43.006216,-76.1413955,19201
12886,12886,383,0.219112097,5-Digit ZCTA,382,Z5,0.001394149,43.63993,-73.9175155,269
10461,10461,1925,0.131446273,5-Digit ZCTA,1924,Z5,0.000635709,40.843129,-73.8434035,50502
12792,12792,1687,0.102417546,5-Digit ZCTA,1686,Z5,0.000345498,41.524215,-74.930108,
13029,13029,553,0.419710739,5-Digit ZCTA,552,Z5,0.004205912,43.2108175,-76.1379455,
136HH,136HH,185,0.354913852,5-Digit ZCTA,184,Z5,0.000124259,44.324133,-75.50915,
12804,12804,528,0.029361297,5-Digit ZCTA,527,Z5,2.90E-05,43.276683,-73.7137235,26540
13112,13112,696,0.057329171,5-Digit ZCTA,695,Z5,0.000206214,43.1056455,-76.4329455,1973
13063,13063,881,0.612739249,5-Digit ZCTA,880,Z5,0.011966715,42.8558155,-75.968819,1898
14885,14885,1497,0.639995023,5-Digit ZCTA,1496,Z5,0.012056624,42.04920118,-77.562318,873
11566,11566,2193,0.032896955,5-Digit ZCTA,2192,Z5,3.01E-05,40.624802,-73.5163705,
13859,13859,1284,0.122448114,5-Digit ZCTA,1283,Z5,0.000216451,42.3746325,-75.23857,182
11788,11788,1944,0.300355627,5-Digit ZCTA,1943,Z5,0.002579406,40.819138,-73.20919,16821
13486,13486,515,0.022730836,5-Digit ZCTA,514,Z5,2.50E-05,43.2976955,-75.401366,815
14585,14585,892,0.118531743,5-Digit ZCTA,891,Z5,0.000572135,42.8888315,-77.548643,120
12759,12759,1605,0.1047559,5-Digit ZCTA,1604,Z5,0.000202396,41.8036155,-74.626795,1649
13865,13865,1458,0.700728844,5-Digit ZCTA,1457,Z5,0.016432876,42.06401346,-75.69430403,
13901,13901,1433,0.245371142,5-Digit ZCTA,1432,Z5,0.001193942,42.129325,-75.8827785,19773
12787,12787,1597,0.260469378,5-Digit ZCTA,1596,Z5,0.000975916,41.8066505,-74.844791,
10578,10578,1748,0.107035059,5-Digit ZCTA,1747,Z5,0.000553767,41.316176,-73.6758085,681
133HH,133HH,531,1.001219591,5-Digit ZCTA,530,Z5,0.009575815,43.2081295,-75.745557,
13844,13844,1102,0.756621958,5-Digit ZCTA,1101,Z5,0.009006649,42.601254,-75.661049,724
120HH,120HH,1280,0.422660803,5-Digit ZCTA,1279,Z5,0.000813549,42.319782,-73.8052885,
11530,11530,2074,0.299131694,5-Digit ZCTA,2073,Z5,0.002246253,40.7276005,-73.6343725,27273
10604,10604,1818,0.092598162,5-Digit ZCTA,1817,Z5,0.000207447,41.0712945,-73.70662127,
11946,11946,1880,0.47527701,5-Digit ZCTA,1879,Z5,0.003758702,40.880572,-72.555015,
11572,11572,2237,0.039996499,5-Digit ZCTA,2236,Z5,8.41E-05,40.605703,-73.638774,
136HH,136HH,261,0.084888417,5-Digit ZCTA,260,Z5,0.000187971,44.0765085,-75.9899675,
12874,12874,357,0.404368405,5-Digit ZCTA,356,Z5,0.005966823,43.691873,-73.5511285,142
12821,12821,443,0.22375146,5-Digit ZCTA,442,Z5,0.003039211,43.454061,-73.4101005,2750
12455,12455,1348,0.044816132,5-Digit ZCTA,1347,Z5,9.65E-05,42.2896985,-74.4779335,1988
13774,13774,1552,0.345537123,5-Digit ZCTA,1551,Z5,0.002934014,41.959336,-75.186196,201
12211,12211,1031,0.052573662,5-Digit ZCTA,1030,Z5,0.000151748,42.731828,-73.805565,11303
14204,14204,2293,0.103820976,5-Digit ZCTA,2292,Z5,0.000480385,42.8832575,-78.861457,8691
13068,13068,1152,0.951009462,5-Digit ZCTA,1151,Z5,0.013543918,42.4934135,-76.371962,5368
12804,12804,442,1.141708919,5-Digit ZCTA,441,Z5,0.015310002,43.3522785,-73.689849,
12526,12526,1413,0.614195516,5-Digit ZCTA,1412,Z5,0.009107663,42.1231235,-73.8634155,3686
12204,12204,1053,0.245562533,5-Digit ZCTA,1052,Z5,0.001203029,42.6859785,-73.7286635,7349
10541,10541,1716,0.45858797,5-Digit ZCTA,1715,Z5,0.007495361,41.379629,-73.7541575,26339
14559,14559,555,0.384708188,5-Digit ZCTA,554,Z5,0.005236195,43.2160745,-77.821382,18057
128HH,128HH,519,0.914747594,5-Digit ZCTA,518,Z5,0.000814101,43.151242,-73.5689405,
14738,14738,1501,0.712292006,5-Digit ZCTA,1500,Z5,0.018605181,42.04642427,-79.052958,3651
10279,10279,2386,0.004868519,5-Digit ZCTA,2385,Z5,1.19E-06,40.7130615,-74.008557,
13681,13681,147,0.586575866,5-Digit ZCTA,146,Z5,0.007132237,44.4160875,-75.3674265,
14094,14094,599,0.692975855,5-Digit ZCTA,598,Z5,0.015105923,43.1325615,-78.6429375,50666
12922,12922,239,0.03224855,5-Digit ZCTA,238,Z5,5.35E-05,44.167602,-74.830397,
12946,12946,188,0.064581922,5-Digit ZCTA,187,Z5,0.000229066,44.3272175,-73.9698055,
13624,13624,202,0.421793123,5-Digit ZCTA,201,Z5,0.002536537,44.2795185,-76.1127685,
12788,12788,1587,0.524292724,5-Digit ZCTA,1586,Z5,0.006096272,41.785095,-74.5790295,2908
14059,14059,927,0.530489714,5-Digit ZCTA,926,Z5,0.007520206,42.825559,-78.6261305,8933
12157,12157,1044,0.875009351,5-Digit ZCTA,1043,Z5,0.011250354,42.671184,-74.292371,
10709,10709,1858,0.148465082,5-Digit ZCTA,1857,Z5,0.000429827,40.952898,-73.8097775,9292
128HH,128HH,289,0.164212547,5-Digit ZCTA,288,Z5,0.000351892,43.9501645,-74.4490765,
12851,12851,294,1.053606892,5-Digit ZCTA,293,Z5,0.022825617,43.846532,-74.0714,366
14605,14605,618,0.119021594,5-Digit ZCTA,617,Z5,0.000502404,43.166963,-77.6034235,12610
130HH,130HH,654,0.052383203,5-Digit ZCTA,653,Z5,0.00013355,43.1399225,-76.5332775,
13320,13320,926,0.940345024,5-Digit ZCTA,925,Z5,0.024573458,42.7703915,-74.75216,2018
11580,11580,2126,0.165701712,5-Digit ZCTA,2125,Z5,0.001064536,40.6769025,-73.703674,40113
10987,10987,1768,0.607800162,5-Digit ZCTA,1767,Z5,0.012321979,41.208411,-74.21505161,3395
14903,14903,1439,0.464017204,5-Digit ZCTA,1438,Z5,0.00600486,42.120674,-76.8665305,7567
122HH,122HH,1055,0.053314063,5-Digit ZCTA,1054,Z5,2.35E-05,42.695328,-73.712813,
12801,12801,496,0.154671415,5-Digit ZCTA,495,Z5,0.001152774,43.3101215,-73.6427105,14707
110HH,110HH,1955,0.049582104,5-Digit ZCTA,1954,Z5,8.59E-05,40.817,-73.653173,
12586,12586,1669,0.363328167,5-Digit ZCTA,1668,Z5,0.002676403,41.5661105,-74.2260995,12540
140HH,140HH,580,0.604715148,5-Digit ZCTA,579,Z5,0.000131842,43.149673,-78.6229535,
13080,13080,670,0.019327259,5-Digit ZCTA,669,Z5,2.21E-05,43.134779,-76.524195,3631
12062,12062,1146,0.795808854,5-Digit ZCTA,1145,Z5,0.008354291,42.524953,-73.482564,1776
10965,10965,1824,0.191012029,5-Digit ZCTA,1823,Z5,0.001440893,41.0604388,-74.01659848,14791
11740,11740,1900,0.187503346,5-Digit ZCTA,1899,Z5,0.001045654,40.868154,-73.3636625,9454
10996,10996,1726,0.135744532,5-Digit ZCTA,1725,Z5,0.000913499,41.3932965,-73.9733035,6756
10968,10968,1834,0.096963483,5-Digit ZCTA,1833,Z5,0.000164729,41.0403965,-73.9130305,2353
10165,10165,2063,0.005240366,5-Digit ZCTA,2062,Z5,1.42E-06,40.7523515,-73.978925,
12815,12815,340,0.686398937,5-Digit ZCTA,339,Z5,0.013164083,43.7063945,-73.6855075,871
12543,12543,1694,0.161828734,5-Digit ZCTA,1693,Z5,0.000531385,41.4845475,-74.223088,3001
12093,12093,1162,0.979687217,5-Digit ZCTA,1161,Z5,0.016845518,42.500105,-74.6271235,1666
12492,12492,1382,0.475202387,5-Digit ZCTA,1381,Z5,0.004997597,42.21509,-74.3493015,271
12580,12580,1573,0.425430382,5-Digit ZCTA,1572,Z5,0.005726589,41.8475965,-73.8760505,4402
11566,11566,2188,0.030189641,5-Digit ZCTA,2187,Z5,4.74E-05,40.627152,-73.5542715,
14081,14081,1154,0.494307641,5-Digit ZCTA,1153,Z5,0.00285969,42.535487,-79.07313697,3095
14526,14526,608,0.397987272,5-Digit ZCTA,607,Z5,0.005095162,43.1472635,-77.4425665,19804
13775,13775,1279,0.819932349,5-Digit ZCTA,1278,Z5,0.01348784,42.3275275,-75.1649655,1631
14769,14769,1262,0.308275707,5-Digit ZCTA,1261,Z5,0.002598964,42.37148869,-79.4779995,919
136HH,136HH,100,0.091854442,5-Digit ZCTA,99,Z5,8.62E-05,44.602624,-74.969371,
121HH,121HH,485,0.435161656,5-Digit ZCTA,484,Z5,0.000215367,43.314522,-74.2834605,
12150,12150,907,0.140691989,5-Digit ZCTA,906,Z5,0.000341264,42.874728,-74.049561,914
13783,13783,1579,0.025237296,5-Digit ZCTA,1578,Z5,2.59E-05,41.863338,-75.235133,2670
14884,14884,1185,0.469773751,5-Digit ZCTA,1184,Z5,0.006373676,42.474414,-77.8864435,273
14481,14481,977,0.484770988,5-Digit ZCTA,976,Z5,0.005947684,42.75474,-77.9126935,1820
13118,13118,958,1.1401807,5-Digit ZCTA,957,Z5,0.029340498,42.7484415,-76.4065345,6382
14892,14892,1471,0.692517493,5-Digit ZCTA,1470,Z5,0.011343013,42.05955514,-76.527913,8189
146HH,146HH,541,1.027005125,5-Digit ZCTA,540,Z5,0.000401253,43.16432354,-77.6536745,
14475,14475,861,0.098684507,5-Digit ZCTA,860,Z5,0.000439648,42.93734,-77.498218,234
109HH,109HH,1781,0.158686624,5-Digit ZCTA,1780,Z5,0.000470672,41.20815451,-74.30666098,
129HH,129HH,192,0.685695832,5-Digit ZCTA,191,Z5,0.00181643,44.2891135,-74.2203135,
12561,12561,1600,0.554926547,5-Digit ZCTA,1599,Z5,0.006753548,41.7583335,-74.1267265,18308
14203,14203,2294,0.087612618,5-Digit ZCTA,2293,Z5,0.000204579,42.8841575,-78.870207,1618
121HH,121HH,801,1.569370425,5-Digit ZCTA,800,Z5,0.001559495,42.8142545,-73.6766,
10918,10918,1723,0.549499207,5-Digit ZCTA,1722,Z5,0.009431803,41.3529275,-74.2596415,11647
10468,10468,1902,0.112027693,5-Digit ZCTA,1901,Z5,0.000302671,40.8696285,-73.9019555,76103
128XX,128XX,302,2.035909061,5-Digit ZCTA,301,Z5,0.050481677,43.739544,-74.537813,
14470,14470,516,0.781950302,5-Digit ZCTA,515,Z5,0.017609279,43.215499,-78.050782,8016
13815,13815,1101,1.527960991,5-Digit ZCTA,1100,Z5,0.030290063,42.5496185,-75.5587885,13999
145HH,145HH,487,0.029637071,5-Digit ZCTA,486,Z5,2.69E-05,43.3579875,-78.195118,
14506,14506,799,0.134285871,5-Digit ZCTA,798,Z5,0.000948664,43.000564,-77.504418,1325
12057,12057,806,0.652155384,5-Digit ZCTA,805,Z5,0.008364809,42.9642855,-73.3544798,1835
13403,13403,626,0.230023184,5-Digit ZCTA,625,Z5,0.000700543,43.1395965,-75.285161,7372
128HH,128HH,506,0.973760273,5-Digit ZCTA,505,Z5,0.000828693,43.267829,-73.7170315,
12983,12983,146,2.793961995,5-Digit ZCTA,145,Z5,0.054619341,44.2944455,-74.144612,
13682,13682,316,0.562519808,5-Digit ZCTA,315,Z5,0.008323236,43.848068,-75.909459,
11576,11576,1951,0.247521382,5-Digit ZCTA,1950,Z5,0.000955525,40.8090995,-73.638572,12366
13736,13736,1292,1.056393703,5-Digit ZCTA,1291,Z5,0.017622603,42.3068505,-76.1990385,2338
13308,13308,508,0.684219798,5-Digit ZCTA,507,Z5,0.00824028,43.251499,-75.6954995,3625
12831,12831,606,0.024277192,5-Digit ZCTA,605,Z5,2.01E-05,43.184056,-73.5837635,17416
14228,14228,789,0.05923673,5-Digit ZCTA,788,Z5,0.000173198,43.015548,-78.7773965,20857
13697,13697,56,0.857984507,5-Digit ZCTA,55,Z5,0.014345167,44.758753,-74.834581,
129HH,129HH,227,0.056890272,5-Digit ZCTA,226,Z5,2.05E-05,44.235614,-74.8924575,
11104,11104,2068,0.056642611,5-Digit ZCTA,2067,Z5,0.000117317,40.7430005,-73.918416,27232
12413,12413,1299,0.583254464,5-Digit ZCTA,1298,Z5,0.004292845,42.310494,-74.0325635,2948
10925,10925,1776,0.197293123,5-Digit ZCTA,1775,Z5,0.000698124,41.21699406,-74.31138054,
11221,11221,2122,0.090635439,5-Digit ZCTA,2121,Z5,0.000379523,40.6919725,-73.926773,78895
10169,10169,2058,0.003144349,5-Digit ZCTA,2057,Z5,3.83E-07,40.754608,-73.9762035,
12176,12176,1271,0.212860932,5-Digit ZCTA,1270,Z5,0.00101483,42.3840535,-73.971333,198
13152,13152,808,1.255054592,5-Digit ZCTA,807,Z5,0.018768573,42.906105,-76.351945,7941
10536,10536,1753,0.372410878,5-Digit ZCTA,1752,Z5,0.003307021,41.2802295,-73.7303305,10739
13439,13439,877,1.080739747,5-Digit ZCTA,876,Z5,0.024171949,42.855959,-74.9789925,3950
12185,12185,815,0.37411713,5-Digit ZCTA,814,Z5,0.002908736,42.9445385,-73.537764,2037
12901,12901,58,0.869106301,5-Digit ZCTA,57,Z5,0.014668041,44.745425,-73.4696595,
11590,11590,2004,0.243836031,5-Digit ZCTA,2003,Z5,0.001736156,40.7569995,-73.581421,45768
125HH,125HH,1444,0.07480744,5-Digit ZCTA,1443,Z5,0.000181594,42.144247,-73.596087,
12946,12946,156,1.742703413,5-Digit ZCTA,155,Z5,0.051922785,44.2827055,-73.925949,
14772,14772,1384,0.957156169,5-Digit ZCTA,1383,Z5,0.02253078,42.164111,-78.930754,4255
11239,11239,2158,0.060464214,5-Digit ZCTA,2157,Z5,0.000177037,40.644804,-73.8802755,13393
12166,12166,888,0.729012668,5-Digit ZCTA,887,Z5,0.013409516,42.8422365,-74.4453405,1363
12466,12466,1562,0.148546622,5-Digit ZCTA,1561,Z5,0.000503457,41.905572,-73.993704,2471
11758,11758,2172,0.025571742,5-Digit ZCTA,2171,Z5,2.54E-05,40.639501,-73.430018,53804
12147,12147,1164,0.462901438,5-Digit ZCTA,1163,Z5,0.004755862,42.5063995,-74.162628,499
13416,13416,590,0.389582783,5-Digit ZCTA,589,Z5,0.002618606,43.1593775,-75.015467,2271
14485,14485,867,0.529342271,5-Digit ZCTA,866,Z5,0.010089822,42.8836225,-77.602973,4267
138HH,138HH,1316,0.201529743,5-Digit ZCTA,1315,Z5,6.91E-05,42.318861,-75.9438505,
13031,13031,725,0.609195844,5-Digit ZCTA,724,Z5,0.006159655,43.0482575,-76.2957015,15551
149HH,149HH,1536,0.180028309,5-Digit ZCTA,1535,Z5,0.00010859,42.021269,-76.6752235,
13088,13088,664,0.342613545,5-Digit ZCTA,663,Z5,0.002289525,43.1097665,-76.1957475,22156
14213,14213,872,0.048503981,5-Digit ZCTA,871,Z5,6.54E-05,42.923007,-78.9035585,24465
14086,14086,846,0.581730136,5-Digit ZCTA,845,Z5,0.00987577,42.9059585,-78.6263525,31847
10466,10466,1888,0.137890203,5-Digit ZCTA,1887,Z5,0.000571937,40.891328,-73.844779,67813
13694,13694,50,0.109891567,5-Digit ZCTA,49,Z5,0.000198755,44.8700825,-75.2189555,1507
12058,12058,1267,0.383777287,5-Digit ZCTA,1266,Z5,0.005258515,42.33999,-73.917089,1445
11569,11569,2214,0.04009908,5-Digit ZCTA,2213,Z5,4.53E-05,40.616752,-73.568372,
12932,12932,213,0.991489063,5-Digit ZCTA,212,Z5,0.022749147,44.182608,-73.616734,1236
12981,12981,76,1.278495858,5-Digit ZCTA,75,Z5,0.032512047,44.6101225,-73.833192,2253
120HH,120HH,620,0.164992345,5-Digit ZCTA,619,Z5,0.000370368,43.164702,-74.5254045,
12901,12901,93,0.087182018,5-Digit ZCTA,92,Z5,0.000403899,44.6221105,-73.414669,33439
13027,13027,633,0.432967038,5-Digit ZCTA,632,Z5,0.005357827,43.1295615,-76.363896,
14037,14037,941,0.336383058,5-Digit ZCTA,940,Z5,0.004470291,42.815163,-78.439882,1166
12123,12123,1138,0.719906243,5-Digit ZCTA,1137,Z5,0.009995989,42.534794,-73.5939295,5124
14729,14729,1212,0.633736677,5-Digit ZCTA,1211,Z5,0.010418287,42.401248,-78.738099,948
12723,12723,1599,0.689375136,5-Digit ZCTA,1598,Z5,0.010366557,41.769141,-75.0273637,1826
14874,14874,1163,0.166641931,5-Digit ZCTA,1162,Z5,0.000317693,42.534176,-77.1786415,250
13433,13433,387,0.455709819,5-Digit ZCTA,386,Z5,0.006481213,43.6271835,-75.1922345,
14224,14224,918,0.393588562,5-Digit ZCTA,917,Z5,0.005739415,42.8355585,-78.748452,39889
14026,14026,853,0.08433779,5-Digit ZCTA,852,Z5,0.000244825,42.941258,-78.6898515,674
12958,12958,7,0.511599459,5-Digit ZCTA,6,Z5,0.010199335,44.95210654,-73.58098548,1929
12839,12839,464,0.459046079,5-Digit ZCTA,463,Z5,0.009165457,43.339874,-73.550958,13588
14609,14609,595,0.227254849,5-Digit ZCTA,594,Z5,0.002081441,43.176863,-77.555772,42571
12130,12130,1233,0.075075179,5-Digit ZCTA,1232,Z5,0.000149918,42.442547,-73.660098,987
11575,11575,2131,0.107599869,5-Digit ZCTA,2130,Z5,0.000500227,40.678401,-73.5850715,16272
14821,14821,1337,0.758730509,5-Digit ZCTA,1336,Z5,0.016515141,42.2396945,-77.2076695,3314
11942,11942,1908,0.290285084,5-Digit ZCTA,1907,Z5,0.002135919,40.852691,-72.5855815,4603
12157,12157,1072,0.073346468,5-Digit ZCTA,1071,Z5,0.000244763,42.67646,-74.157513,4061
12590,12590,1660,0.64755211,5-Digit ZCTA,1659,Z5,0.009894753,41.586129,-73.8776775,35102
14471,14471,963,0.65997532,5-Digit ZCTA,962,Z5,0.008523546,42.748518,-77.4932495,2672
12477,12477,1426,0.711670173,5-Digit ZCTA,1425,Z5,0.016078288,42.097821,-74.000322,18787
13114,13114,454,0.041950827,5-Digit ZCTA,453,Z5,0.000105038,43.429591,-76.3553545,6356
11758,11758,2213,0.027313674,5-Digit ZCTA,2212,Z5,4.23E-05,40.6180015,-73.4810695,
120HH,120HH,1190,0.196660135,5-Digit ZCTA,1189,Z5,0.000564915,42.48144,-73.9480015,
13690,13690,228,0.626221606,5-Digit ZCTA,227,Z5,0.0113419,44.18935,-74.957671,846
11965,11965,1813,0.301655051,5-Digit ZCTA,1812,Z5,0.001266325,41.07375483,-72.34797881,
14468,14468,2273,0.887813431,5-Digit ZCTA,2272,Z5,0.015534308,43.28448927,-77.8230325,17813
13746,13746,1359,0.327443915,5-Digit ZCTA,1358,Z5,0.002424816,42.2390195,-75.7907255,
14606,14606,642,0.029077902,5-Digit ZCTA,641,Z5,2.58E-05,43.15435186,-77.6891265,28255
13673,13673,222,0.100949896,5-Digit ZCTA,221,Z5,0.000283457,44.244369,-75.683585,2249
133HH,133HH,309,0.092467895,5-Digit ZCTA,308,Z5,0.000139441,43.9210875,-75.261961,
13327,13327,270,1.714130125,5-Digit ZCTA,269,Z5,0.033351853,43.9488885,-75.296656,2056
12936,12936,198,0.806949011,5-Digit ZCTA,197,Z5,0.009570854,44.256617,-73.402863,599
14058,14058,624,0.59850276,5-Digit ZCTA,623,Z5,0.011169536,43.107705,-78.160519,2285
11933,11933,2325,0.755580085,5-Digit ZCTA,2324,Z5,0.008918792,40.91855102,-72.7599185,6844
14212,14212,901,0.161265038,5-Digit ZCTA,900,Z5,0.000562304,42.894958,-78.818355,10641
13502,13502,687,0.313095939,5-Digit ZCTA,686,Z5,0.001810671,43.098669,-75.233308,33257
10171,10171,2051,0.004967846,5-Digit ZCTA,2050,Z5,1.26E-06,40.756091,-73.974032,
14727,14727,1286,1.686596441,5-Digit ZCTA,1285,Z5,0.031210744,42.223906,-78.289991,5450
13437,13437,369,1.046242534,5-Digit ZCTA,368,Z5,0.026141099,43.594632,-75.795674,
131HH,131HH,644,0.042205912,5-Digit ZCTA,643,Z5,0.000101796,43.1483195,-76.6898395,
126HH,126HH,1627,0.26068955,5-Digit ZCTA,1626,Z5,0.000550686,41.674993,-73.9441815,
13489,13489,433,0.611973416,5-Digit ZCTA,432,Z5,0.010812228,43.471241,-75.5257995,658
12845,12845,437,0.042692138,5-Digit ZCTA,436,Z5,4.66E-05,43.483717,-73.6551825,4842
121HH,121HH,1040,0.027222979,5-Digit ZCTA,1039,Z5,3.92E-05,42.7205525,-73.42869,
10916,10916,1700,0.529851108,5-Digit ZCTA,1699,Z5,0.005981947,41.4448125,-74.2508065,4540
11417,11417,2139,0.088801367,5-Digit ZCTA,2138,Z5,0.00030337,40.674876,-73.84666,28967
14779,14779,1345,0.722450472,5-Digit ZCTA,1344,Z5,0.00893844,42.218608,-78.742082,
12720,12720,1643,0.268110366,5-Digit ZCTA,1642,Z5,0.002825179,41.654423,-74.9168795,
12454,12454,1319,0.344739339,5-Digit ZCTA,1318,Z5,0.005298746,42.298689,-74.1650225,297
11230,11230,2412,0.096042609,5-Digit ZCTA,2411,Z5,0.000505581,40.6223305,-73.9661715,86408
120HH,120HH,1033,0.042903864,5-Digit ZCTA,1032,Z5,4.14E-05,42.7301665,-73.426105,
13662,13662,20,0.019641058,5-Digit ZCTA,19,Z5,2.30E-05,44.98882,-74.892373,16582
13667,13667,49,0.518850591,5-Digit ZCTA,48,Z5,0.007688302,44.834248,-74.9201465,3181
14141,14141,1126,1.097906274,5-Digit ZCTA,1125,Z5,0.021290985,42.5266545,-78.665126,7728
10533,10533,1830,0.195532645,5-Digit ZCTA,1829,Z5,0.001058553,41.041591,-73.8567345,7322
13646,13646,142,0.095512334,5-Digit ZCTA,141,Z5,0.000239808,44.4729425,-75.608997,2211
108HH,108HH,1889,0.087485192,5-Digit ZCTA,1888,Z5,5.78E-05,40.88982773,-73.784239,
129HH,129HH,160,0.01871314,5-Digit ZCTA,159,Z5,2.23E-05,44.415026,-74.3012905,
14132,14132,610,0.464268876,5-Digit ZCTA,609,Z5,0.007097433,43.1445555,-78.8753605,6218
121HH,121HH,1121,0.051819209,5-Digit ZCTA,1120,Z5,9.14E-05,42.60607,-73.9529215,
12738,12738,1652,0.239568854,5-Digit ZCTA,1651,Z5,0.001613296,41.6544735,-74.5636005,320
116HH,116HH,2420,0.628256998,5-Digit ZCTA,2419,Z5,0.001382965,40.58553162,-73.84707852,
12023,12023,1066,0.975447484,5-Digit ZCTA,1065,Z5,0.016419818,42.611147,-74.179609,2196
136HH,136HH,231,0.103784062,5-Digit ZCTA,230,Z5,7.14E-05,44.2106115,-75.0159345,
14466,14466,979,0.410960977,5-Digit ZCTA,978,Z5,0.00465899,42.7756045,-77.591314,1719
12917,12917,19,0.566333803,5-Digit ZCTA,18,Z5,0.012542869,44.92219,-74.1789835,1403
12491,12491,1538,0.611414138,5-Digit ZCTA,1537,Z5,0.002345576,41.9757605,-74.1340915,1675
11572,11572,2154,0.17611415,5-Digit ZCTA,2153,Z5,0.001377373,40.6343525,-73.6380735,
11958,11958,1833,0.173247052,5-Digit ZCTA,1832,Z5,0.000647383,41.03767892,-72.46535508,635
11566,11566,2198,0.035383076,5-Digit ZCTA,2197,Z5,4.78E-05,40.622752,-73.546821,
14145,14145,996,0.517724351,5-Digit ZCTA,995,Z5,0.008169103,42.7316385,-78.4433795,1618
137HH,137HH,1473,0.755681931,5-Digit ZCTA,1472,Z5,0.000472581,42.089124,-76.0968975,
13042,13042,497,0.622593364,5-Digit ZCTA,496,Z5,0.008840349,43.2742685,-75.8364595,2356
128HH,128HH,538,0.073509373,5-Digit ZCTA,537,Z5,4.90E-05,43.2545885,-74.209871,
11793,11793,2228,0.020940566,5-Digit ZCTA,2227,Z5,2.49E-05,40.613352,-73.5085705,32298
131HH,131HH,700,2.061342429,5-Digit ZCTA,699,Z5,0.003729331,42.9558,-76.7288265,
136HH,136HH,12,0.17842216,5-Digit ZCTA,11,Z5,0.000110007,44.9761702,-74.66430464,
14507,14507,1024,0.742017455,5-Digit ZCTA,1023,Z5,0.008522598,42.700868,-77.2586175,1351
109XX,109XX,1780,0.034278611,5-Digit ZCTA,1779,Z5,2.91E-05,41.2281945,-74.1201,
10970,10970,1784,0.533598501,5-Digit ZCTA,1783,Z5,0.003326817,41.1893405,-74.0711865,9993
13684,13684,145,1.293738392,5-Digit ZCTA,144,Z5,0.051594041,44.3368505,-75.0452835,1131
12964,12964,235,0.034601905,5-Digit ZCTA,234,Z5,4.79E-05,44.183174,-73.577291,161
14219,14219,2301,0.256367469,5-Digit ZCTA,2300,Z5,0.001914678,42.7920585,-78.82531885,11536
14433,14433,621,0.634012756,5-Digit ZCTA,620,Z5,0.011319034,43.0972845,-76.866128,
14822,14822,1193,0.785203827,5-Digit ZCTA,1192,Z5,0.011212867,42.4255165,-77.8525615,1169
138HH,138HH,1464,0.977833737,5-Digit ZCTA,1463,Z5,0.000565616,42.0617435,-76.31375274,
13670,13670,205,1.418264982,5-Digit ZCTA,204,Z5,0.039179146,44.178282,-75.0677175,430
131HH,131HH,2267,0.222956924,5-Digit ZCTA,2266,Z5,0.001075846,43.65565336,-76.17919398,
13433,13433,398,0.607041843,5-Digit ZCTA,397,Z5,0.007909797,43.577821,-75.2386455,
11940,11940,2444,0.255840722,5-Digit ZCTA,2443,Z5,0.001514797,40.808594,-72.758776,5210
11801,11801,1993,0.195495944,5-Digit ZCTA,1992,Z5,0.001844064,40.767049,-73.5253695,39553
11706,11706,2451,0.306504336,5-Digit ZCTA,2450,Z5,0.000714769,40.6319235,-73.24436347,
11702,11702,2161,0.038308863,5-Digit ZCTA,2160,Z5,7.97E-05,40.645,-73.2976135,
12508,12508,1689,0.425763347,5-Digit ZCTA,1688,Z5,0.004246428,41.488495,-73.9429815,19880
10537,10537,1734,0.121362847,5-Digit ZCTA,1733,Z5,0.000592838,41.3499005,-73.880509,2416
12725,12725,1529,1.001086211,5-Digit ZCTA,1528,Z5,0.017795438,41.9586495,-74.533062,277
12433,12433,1542,0.15178996,5-Digit ZCTA,1541,Z5,0.000950308,41.999978,-74.1619205,483
120HH,120HH,668,0.427431032,5-Digit ZCTA,667,Z5,0.002784994,43.099923,-74.197694,
10012,10012,2090,0.036173913,5-Digit ZCTA,2089,Z5,8.73E-05,40.7264215,-73.9980065,24090
137HH,137HH,1532,0.134897116,5-Digit ZCTA,1531,Z5,3.84E-05,42.031857,-76.4021425,
10128,10128,1995,0.061966736,5-Digit ZCTA,1994,Z5,0.000131786,40.780843,-73.952532,60453
11702,11702,2156,0.026431986,5-Digit ZCTA,2155,Z5,2.32E-05,40.652715,-73.2535285,14498
11770,11770,2450,0.072682787,5-Digit ZCTA,2449,Z5,0.000149016,40.64423356,-73.16191742,137
12944,12944,141,0.035635149,5-Digit ZCTA,140,Z5,4.94E-05,44.4766975,-73.592671,4080
10604,10604,1844,0.048382599,5-Digit ZCTA,1843,Z5,0.000110485,41.022226,-73.7232475,11250
11691,11691,2421,0.179644357,5-Digit ZCTA,2420,Z5,0.000758124,40.60208,-73.7631025,
13338,13338,359,2.203437407,5-Digit ZCTA,358,Z5,0.085151395,43.557348,-75.0046775,1206
11691,11691,2196,0.042448703,5-Digit ZCTA,2195,Z5,9.95E-05,40.620387,-73.801104,
14840,14840,1178,1.007890054,5-Digit ZCTA,1177,Z5,0.016797156,42.4497545,-77.1836245,3061
11217,11217,2397,0.06576972,5-Digit ZCTA,2396,Z5,0.000213552,40.6810195,-73.980461,35881
11209,11209,2409,0.144451301,5-Digit ZCTA,2408,Z5,0.000629736,40.62320445,-74.02894548,68853
13326,13326,953,1.242039893,5-Digit ZCTA,952,Z5,0.028739312,42.7134705,-74.917805,5561
10567,10567,1749,0.622236688,5-Digit ZCTA,1748,Z5,0.006270487,41.2827815,-73.909581,19929
10523,10523,1819,0.21454333,5-Digit ZCTA,1818,Z5,0.001061998,41.061208,-73.8219495,7444
11102,11102,2000,0.073244044,5-Digit ZCTA,1999,Z5,0.000228095,40.7728595,-73.9255295,34133
13654,13654,87,0.587875873,5-Digit ZCTA,86,Z5,0.003851437,44.6351255,-75.377873,2461
10601,10601,1837,0.099637963,5-Digit ZCTA,1836,Z5,0.000319651,41.029097,-73.7580755,11376
11731,11731,2360,0.35305505,5-Digit ZCTA,2359,Z5,0.002455037,40.8582475,-73.315061,30184
147HH,147HH,1195,0.808325333,5-Digit ZCTA,1194,Z5,0.000339613,42.3961125,-78.112911,
11941,11941,1931,0.212847599,5-Digit ZCTA,1930,Z5,0.001212482,40.829715,-72.723519,1986
12010,12010,758,1.007673434,5-Digit ZCTA,757,Z5,0.019493784,42.97244,-74.121087,
122HH,122HH,1056,0.22615343,5-Digit ZCTA,1055,Z5,0.000153839,42.659834,-73.732266,
12849,12849,445,0.142706236,5-Digit ZCTA,444,Z5,0.000900184,43.4470515,-73.3019945,385
14551,14551,2279,0.721953587,5-Digit ZCTA,2278,Z5,0.012080703,43.2144985,-77.0415265,5651
13420,13420,347,2.015397755,5-Digit ZCTA,346,Z5,0.036864591,43.65202,-74.966143,1266
117HH,117HH,2359,0.007273214,5-Digit ZCTA,2358,Z5,4.47E-07,40.89817399,-73.619321,
11581,11581,2149,0.158556674,5-Digit ZCTA,2148,Z5,0.000744233,40.6490035,-73.7142925,20844
14803,14803,1351,0.678964102,5-Digit ZCTA,1350,Z5,0.006938398,42.2417235,-77.788211,1174
14872,14872,1375,0.195585914,5-Digit ZCTA,1374,Z5,0.000941369,42.231633,-76.867675,605
12148,12148,904,0.514863899,5-Digit ZCTA,903,Z5,0.004101798,42.8403265,-73.834766,4569
11709,11709,2352,0.123955704,5-Digit ZCTA,2351,Z5,0.000400614,40.907798,-73.55685243,6669
13026,13026,987,0.576304556,5-Digit ZCTA,986,Z5,0.008142737,42.742547,-76.654241,1914
148HH,148HH,1543,0.054237613,5-Digit ZCTA,1542,Z5,2.69E-05,42.00750458,-76.63155048,
12846,12846,460,0.56373193,5-Digit ZCTA,459,Z5,0.01439458,43.325101,-73.8136575,3298
12489,12489,1618,0.100619096,5-Digit ZCTA,1617,Z5,0.000315436,41.7536175,-74.3501285,1292
12966,12966,37,0.925833425,5-Digit ZCTA,36,Z5,0.025402352,44.8060085,-74.417237,2915
12054,12054,1100,0.622825059,5-Digit ZCTA,1099,Z5,0.00493821,42.6098735,-73.869654,16918
13082,13082,646,0.534679933,5-Digit ZCTA,645,Z5,0.007146046,43.099549,-75.953955,4871
129HH,129HH,169,0.170262401,5-Digit ZCTA,168,Z5,0.00049209,44.3644605,-74.2568175,
14616,14616,560,0.038783473,5-Digit ZCTA,559,Z5,8.93E-05,43.2345815,-77.6892605,28534
12516,12516,1442,0.436544744,5-Digit ZCTA,1441,Z5,0.005947538,42.11286534,-73.55641459,1833
14092,14092,667,0.048482195,5-Digit ZCTA,666,Z5,8.61E-05,43.136305,-79.0122155,11086
12923,12923,11,0.646219154,5-Digit ZCTA,10,Z5,0.016907854,44.94412995,-73.91660709,632
13030,13030,609,0.526751225,5-Digit ZCTA,608,Z5,0.006112892,43.153453,-75.985717,3892
11412,11412,2115,0.111346752,5-Digit ZCTA,2114,Z5,0.000536734,40.6956435,-73.760402,34882
12090,12090,859,0.59991129,5-Digit ZCTA,858,Z5,0.016506611,42.88205,-73.370032,6262
12047,12047,1005,0.065578472,5-Digit ZCTA,1004,Z5,0.000152893,42.7709775,-73.687162,19664
13140,13140,635,0.496888532,5-Digit ZCTA,634,Z5,0.00478044,43.1185365,-76.646915,
10923,10923,1787,0.150493091,5-Digit ZCTA,1786,Z5,0.000622804,41.205144,-74.0001345,8732
10453,10453,1922,0.073661352,5-Digit ZCTA,1921,Z5,0.000252515,40.8528785,-73.9139055,78309
121HH,121HH,1157,0.717751018,5-Digit ZCTA,1156,Z5,0.001111709,42.4546705,-73.773525,
12942,12942,200,0.7105457,5-Digit ZCTA,199,Z5,0.018064726,44.2359995,-73.800242,646
124HH,124HH,1461,0.17328282,5-Digit ZCTA,1460,Z5,0.000217081,42.118874,-74.727181,
10530,10530,1841,0.133360567,5-Digit ZCTA,1840,Z5,0.000787117,41.022573,-73.8057385,
138HH,138HH,1404,0.179274523,5-Digit ZCTA,1403,Z5,6.64E-05,42.205733,-75.563173,
12474,12474,1269,0.617479975,5-Digit ZCTA,1268,Z5,0.010125201,42.3134955,-74.587189,1162
10954,10954,1810,0.300483603,5-Digit ZCTA,1809,Z5,0.002061992,41.0951955,-74.0106835,23045
14710,14710,1429,0.884050575,5-Digit ZCTA,1428,Z5,0.01500772,42.08564134,-79.4356625,3540
13835,13835,1242,0.75791943,5-Digit ZCTA,1241,Z5,0.012170138,42.3853105,-76.153952,1511
12444,12444,1353,0.382041799,5-Digit ZCTA,1352,Z5,0.004429578,42.259002,-74.2694045,497
148HH,148HH,1219,0.097499657,5-Digit ZCTA,1218,Z5,0.000313296,42.444875,-77.09987,
14891,14891,1239,0.790441173,5-Digit ZCTA,1238,Z5,0.014741631,42.3691875,-76.9565685,4149
13750,13750,1188,0.56063763,5-Digit ZCTA,1187,Z5,0.006931542,42.4698585,-74.828931,1092
129HH,129HH,314,0.043899181,5-Digit ZCTA,313,Z5,6.93E-05,43.9130145,-73.5380625,
12808,12808,341,0.458904136,5-Digit ZCTA,340,Z5,0.005438128,43.7450195,-73.724553,306
11414,11414,2145,0.148116371,5-Digit ZCTA,2144,Z5,0.000645394,40.658511,-73.844273,26148
11379,11379,2093,0.102243163,5-Digit ZCTA,2092,Z5,0.000527291,40.7169745,-73.8809895,34821
12151,12151,854,0.143071641,5-Digit ZCTA,853,Z5,0.000760058,42.925712,-73.787152,708
12442,12442,1376,0.578633735,5-Digit ZCTA,1375,Z5,0.004699711,42.2214175,-74.2580755,953
13054,13054,588,0.024613668,5-Digit ZCTA,587,Z5,3.06E-05,43.204949,-75.706841,1582
11569,11569,2236,0.026747914,5-Digit ZCTA,2235,Z5,3.33E-05,40.607953,-73.611523,
12083,12083,1196,0.74277227,5-Digit ZCTA,1195,Z5,0.011354007,42.4309795,-74.0416055,3795
11961,11961,2342,0.373051112,5-Digit ZCTA,2341,Z5,0.005336686,40.8974475,-72.883259,
11789,11789,1860,0.097383172,5-Digit ZCTA,1859,Z5,0.000514222,40.95573737,-72.9712275,7895
11558,11558,2223,0.091064943,5-Digit ZCTA,2222,Z5,0.00028007,40.606903,-73.650974,
12873,12873,607,0.453746358,5-Digit ZCTA,606,Z5,0.00724042,43.13011432,-73.31815688,736
133HH,133HH,301,0.087804801,5-Digit ZCTA,300,Z5,7.03E-05,43.9293835,-75.3570815,
136HH,136HH,241,0.199538806,5-Digit ZCTA,240,Z5,0.000669472,44.153021,-75.3981775,
12468,12468,1290,0.738564284,5-Digit ZCTA,1289,Z5,0.012484147,42.3045125,-74.4031185,1036
11234,11234,2410,0.398275304,5-Digit ZCTA,2409,Z5,0.001985756,40.6100185,-73.910875,
128XX,128XX,428,0.544863773,5-Digit ZCTA,427,Z5,0.006953525,43.4921565,-74.108106,
13624,13624,223,0.035767699,5-Digit ZCTA,222,Z5,4.84E-05,44.255272,-76.059365,
13662,13662,25,0.685448238,5-Digit ZCTA,24,Z5,0.008634627,44.9157415,-74.807813,
14036,14036,770,0.637482983,5-Digit ZCTA,769,Z5,0.015240035,42.9792595,-78.3728275,5201
11516,11516,2177,0.078830832,5-Digit ZCTA,2176,Z5,0.000262503,40.6280535,-73.7241255,7556
14760,14760,1438,0.787977273,5-Digit ZCTA,1437,Z5,0.009552693,42.102422,-78.403676,
14616,14616,547,0.209452784,5-Digit ZCTA,546,Z5,0.00144983,43.228512,-77.655829,
10314,10314,2254,0.026292097,5-Digit ZCTA,2253,Z5,4.56E-05,40.5765405,-74.203308,85510
13601,13601,245,1.956322102,5-Digit ZCTA,244,Z5,0.037089166,43.989888,-75.900394,
11003,11003,2111,0.140838964,5-Digit ZCTA,2110,Z5,0.000949977,40.6988255,-73.705066,41356
128HH,128HH,363,0.067640252,5-Digit ZCTA,362,Z5,0.000156126,43.704251,-74.1266895,
11718,11718,2091,0.105415036,5-Digit ZCTA,2090,Z5,0.000254778,40.715141,-73.2614435,3103
12304,12304,986,0.290048463,5-Digit ZCTA,985,Z5,0.002152455,42.7661265,-73.8950175,21482
13640,13640,174,0.519548073,5-Digit ZCTA,173,Z5,0.004005294,44.32523309,-75.98893743,
12789,12789,1625,0.31702902,5-Digit ZCTA,1624,Z5,0.00281412,41.6977505,-74.572561,1838
13648,13648,220,1.59677079,5-Digit ZCTA,219,Z5,0.050464903,44.1273345,-75.30816,2424
11793,11793,2110,0.263021076,5-Digit ZCTA,2109,Z5,0.001737517,40.669543,-73.5118195,
12827,12827,415,1.183979017,5-Digit ZCTA,414,Z5,0.035359404,43.4355495,-73.4968105,3877
140HH,140HH,995,0.037649664,5-Digit ZCTA,994,Z5,8.38E-05,42.785358,-78.2275525,
13825,13825,1183,0.763429366,5-Digit ZCTA,1182,Z5,0.015638031,42.43635,-75.2050815,3442
11569,11569,2240,0.036113909,5-Digit ZCTA,2239,Z5,2.92E-05,40.604103,-73.6266735,
13120,13120,824,0.44716961,5-Digit ZCTA,823,Z5,0.004144014,42.947032,-76.188656,2328
13037,13037,648,0.724785124,5-Digit ZCTA,647,Z5,0.011836837,43.057958,-75.8672155,8897
129HH,129HH,247,0.061432145,5-Digit ZCTA,246,Z5,8.38E-05,44.114475,-74.6613235,
12401,12401,1569,0.089022418,5-Digit ZCTA,1568,Z5,0.000268078,41.881497,-74.0270675,
11365,11365,2067,0.140173887,5-Digit ZCTA,2066,Z5,0.000656268,40.7389365,-73.7896455,42252
129HH,129HH,157,0.331477719,5-Digit ZCTA,156,Z5,0.000682901,44.415119,-74.2718615,
14904,14904,1508,0.350258806,5-Digit ZCTA,1507,Z5,0.001865385,42.068324,-76.821623,16269
11557,11557,2212,0.068430992,5-Digit ZCTA,2211,Z5,0.000149494,40.6135035,-73.689875,7823
14222,14222,869,0.121097114,5-Digit ZCTA,868,Z5,0.000343734,42.919707,-78.8779075,14046
10452,10452,1936,0.066821723,5-Digit ZCTA,1935,Z5,0.000265121,40.836479,-73.9222555,75371
10920,10920,1797,0.217185304,5-Digit ZCTA,1796,Z5,0.001657648,41.153505,-73.9369385,8554
11947,11947,2338,0.055523431,5-Digit ZCTA,2337,Z5,0.00010803,40.948835,-72.576599,416
11769,11769,2061,0.17447597,5-Digit ZCTA,2060,Z5,0.001186982,40.7354155,-73.128557,9506
136HH,136HH,178,0.222819295,5-Digit ZCTA,177,Z5,6.95E-05,44.3277395,-75.5815595,
11934,11934,2373,0.20480533,5-Digit ZCTA,2372,Z5,0.001295597,40.80073,-72.790481,7263
10016,10016,2064,0.051230315,5-Digit ZCTA,2063,Z5,0.000152324,40.7449385,-73.9783405,54183
13071,13071,1030,0.423383379,5-Digit ZCTA,1029,Z5,0.006825929,42.6817245,-76.5372865,1023
113HH,113HH,1983,0.098224249,5-Digit ZCTA,1982,Z5,0.000408935,40.78312938,-73.76288985,
10512,10512,1692,0.879591312,5-Digit ZCTA,1691,Z5,0.016894218,41.4323705,-73.7167185,25590
13164,13164,690,0.435000077,5-Digit ZCTA,689,Z5,0.004093794,43.0871145,-76.3227895,2338
14878,14878,1208,0.396701322,5-Digit ZCTA,1207,Z5,0.004444887,42.4494315,-76.9519935,781
141HH,141HH,535,0.194292527,5-Digit ZCTA,534,Z5,0.000345629,43.22973327,-79.058268,
12569,12569,1615,0.469996134,5-Digit ZCTA,1614,Z5,0.006895008,41.729283,-73.79268,
14618,14618,710,0.04672906,5-Digit ZCTA,709,Z5,0.000109411,43.091113,-77.563771,22920
12051,12051,1275,0.536542234,5-Digit ZCTA,1274,Z5,0.005231196,42.347978,-73.836254,7070
12484,12484,1561,0.495321177,5-Digit ZCTA,1560,Z5,0.005949549,41.870854,-74.172174,2733
10504,10504,1796,0.483080191,5-Digit ZCTA,1795,Z5,0.00457465,41.1249125,-73.69413,851
14028,14028,2435,0.276390339,5-Digit ZCTA,2434,Z5,0.003193761,43.3149555,-78.7172565,1595
14770,14770,1468,0.613314251,5-Digit ZCTA,1467,Z5,0.009219108,42.0597555,-78.29067369,2963
128HH,128HH,323,0.293502482,5-Digit ZCTA,322,Z5,0.000831239,43.8518985,-74.4878515,
14415,14415,1014,0.080641076,5-Digit ZCTA,1013,Z5,0.000244499,42.754194,-77.0223195,132
12534,12534,1393,0.043031834,5-Digit ZCTA,1392,Z5,9.02E-05,42.2267495,-73.840491,
136HH,136HH,143,0.074861898,5-Digit ZCTA,142,Z5,0.000225559,44.470542,-75.516395,
128HH,128HH,329,0.053384901,5-Digit ZCTA,328,Z5,0.000117167,43.8293655,-74.3343365,
11373,11373,2071,0.089351117,5-Digit ZCTA,2070,Z5,0.000481317,40.735138,-73.8775085,100820
11566,11566,2208,0.023047438,5-Digit ZCTA,2207,Z5,2.30E-05,40.619552,-73.53595,35321
12540,12540,1632,0.682538518,5-Digit ZCTA,1631,Z5,0.009249144,41.67242,-73.7206145,7802
14555,14555,2285,0.027277823,5-Digit ZCTA,2284,Z5,4.82E-05,43.2564595,-76.9497935,974
14532,14532,803,0.801242011,5-Digit ZCTA,802,Z5,0.011575578,42.957454,-77.011701,4431
14735,14735,1182,1.216482012,5-Digit ZCTA,1181,Z5,0.022653101,42.4426835,-78.1092,
12460,12460,1253,0.174256687,5-Digit ZCTA,1252,Z5,0.000924407,42.409603,-74.16582,277
12159,12159,1075,0.522812308,5-Digit ZCTA,1074,Z5,0.003767461,42.641574,-73.8748355,
12956,12956,249,0.459533273,5-Digit ZCTA,248,Z5,0.003646193,44.083335,-73.5131495,1259
13746,13746,1388,0.103392913,5-Digit ZCTA,1387,Z5,0.000187424,42.2350345,-75.8667035,2539
10985,10985,1674,0.031534455,5-Digit ZCTA,1673,Z5,6.83E-05,41.5838495,-74.372882,
134HH,134HH,564,0.389587395,5-Digit ZCTA,563,Z5,0.000148962,43.1854195,-75.0227485,
12859,12859,578,0.458106848,5-Digit ZCTA,577,Z5,0.005281426,43.171629,-73.9169285,2220
12108,12108,384,1.420234865,5-Digit ZCTA,383,Z5,0.024704068,43.5234145,-74.42287,416
11967,11967,1917,0.494699966,5-Digit ZCTA,1916,Z5,0.003768127,40.801546,-72.8785635,26583
11501,11501,2043,0.159994782,5-Digit ZCTA,2042,Z5,0.00053372,40.7458505,-73.6372225,19148
13820,13820,1112,1.219109851,5-Digit ZCTA,1111,Z5,0.030408945,42.499516,-75.0142355,22455
14433,14433,722,0.477871527,5-Digit ZCTA,721,Z5,0.008017015,43.031303,-76.877404,4629
14032,14032,707,0.557800642,5-Digit ZCTA,706,Z5,0.006818421,43.0458575,-78.62675,7989
13343,13343,356,0.391164599,5-Digit ZCTA,355,Z5,0.002622858,43.7087145,-75.4153475,1658
13809,13809,1225,0.569135026,5-Digit ZCTA,1224,Z5,0.006168047,42.3965095,-75.434816,1517
11702,11702,2167,0.030547177,5-Digit ZCTA,2166,Z5,4.21E-05,40.6429,-73.3889165,
105HH,105HH,1730,0.071514006,5-Digit ZCTA,1729,Z5,0.000136092,41.377398,-73.6544745,
12901,12901,81,0.689669087,5-Digit ZCTA,80,Z5,0.007152298,44.636233,-73.493868,
14748,14748,1414,0.326438232,5-Digit ZCTA,1413,Z5,0.002321618,42.1744205,-78.6284035,746
14525,14525,843,0.986070519,5-Digit ZCTA,842,Z5,0.01408725,42.878502,-78.0111235,2865
12168,12168,1119,0.60939971,5-Digit ZCTA,1118,Z5,0.01077287,42.56174006,-73.3912722,1952
14606,14606,605,0.212915206,5-Digit ZCTA,604,Z5,0.001845972,43.173021,-77.71384,
14467,14467,745,0.284661107,5-Digit ZCTA,744,Z5,0.002611331,43.043113,-77.61564,9105
13849,13849,1227,1.029972796,5-Digit ZCTA,1226,Z5,0.022972212,42.3462925,-75.318934,4551
13309,13309,412,1.599077822,5-Digit ZCTA,411,Z5,0.041121103,43.466324,-75.335803,5889
133HH,133HH,539,0.068276822,5-Digit ZCTA,538,Z5,0.00017842,43.252919,-74.916198,
13436,13436,327,1.008497204,5-Digit ZCTA,326,Z5,0.008834655,43.771071,-74.6979375,108
12729,12729,1696,0.300793386,5-Digit ZCTA,1695,Z5,0.002807217,41.4676785,-74.600441,1874
13021,13021,793,1.476732508,5-Digit ZCTA,792,Z5,0.0346778,42.9129355,-76.565885,39506
13041,13041,558,0.092233964,5-Digit ZCTA,557,Z5,0.000271677,43.227068,-76.2606005,10705
12203,12203,1042,0.50719443,5-Digit ZCTA,1041,Z5,0.003269763,42.6849275,-73.8350475,29952
14777,14777,1241,0.363696166,5-Digit ZCTA,1240,Z5,0.002648071,42.4027305,-78.250261,667
14809,14809,1205,0.774234735,5-Digit ZCTA,1204,Z5,0.015797059,42.423439,-77.4400275,2552
14226,14226,813,0.203762668,5-Digit ZCTA,812,Z5,0.0020573,42.976557,-78.794655,29267
13746,13746,1309,0.287845405,5-Digit ZCTA,1308,Z5,0.003141403,42.290931,-75.865104,
11559,11559,2238,0.02851248,5-Digit ZCTA,2237,Z5,2.66E-05,40.607104,-73.698675,8176
11216,11216,2130,0.08207297,5-Digit ZCTA,2129,Z5,0.000282887,40.680903,-73.946334,54316
121XX,121XX,473,0.472274373,5-Digit ZCTA,472,Z5,0.010563282,43.3143675,-74.207161,
10511,10511,1767,0.10083919,5-Digit ZCTA,1766,Z5,0.000401426,41.262811,-73.9455855,2246
120HH,120HH,761,0.170191908,5-Digit ZCTA,760,Z5,0.000807413,43.015135,-73.7451225,
11545,11545,1928,0.408180493,5-Digit ZCTA,1927,Z5,0.003912322,40.823499,-73.58462,12065
12747,12747,1604,0.577287086,5-Digit ZCTA,1603,Z5,0.004120469,41.771913,-74.6685685,1714
10560,10560,1735,0.506546215,5-Digit ZCTA,1734,Z5,0.005967965,41.33414313,-73.610158,4737
10606,10606,1840,0.111968267,5-Digit ZCTA,1839,Z5,0.000436039,41.018347,-73.7759265,16499
14869,14869,1228,0.593665291,5-Digit ZCTA,1227,Z5,0.00540997,42.375891,-76.764031,1378
12549,12549,1682,0.469069779,5-Digit ZCTA,1681,Z5,0.004960278,41.5033475,-74.2205435,10201
12306,12306,1016,0.019118473,5-Digit ZCTA,1015,Z5,2.09E-05,42.7608605,-74.0275275,25636
11430,11430,2216,0.022084095,5-Digit ZCTA,2215,Z5,2.48E-05,40.617287,-73.769703,184
12061,12061,1104,0.450136311,5-Digit ZCTA,1103,Z5,0.005126807,42.601849,-73.6525065,9050
109XX,109XX,1762,0.122571009,5-Digit ZCTA,1761,Z5,0.00046417,41.289903,-74.1103865,
13367,13367,299,1.776339775,5-Digit ZCTA,298,Z5,0.05855631,43.7914015,-75.5878015,8830
12196,12196,1094,0.28525463,5-Digit ZCTA,1093,Z5,0.002771451,42.631061,-73.620361,3031
10990,10990,1750,0.655750229,5-Digit ZCTA,1749,Z5,0.017359231,41.26286106,-74.363437,20631
11566,11566,2218,0.027547919,5-Digit ZCTA,2217,Z5,4.09E-05,40.613002,-73.528121,
12182,12182,954,0.425728187,5-Digit ZCTA,953,Z5,0.003483249,42.791412,-73.615184,14733
11565,11565,2141,0.08057699,5-Digit ZCTA,2140,Z5,0.000307769,40.675052,-73.6725745,8690
12507,12507,1541,0.07200242,5-Digit ZCTA,1540,Z5,0.000244841,42.0082035,-73.9209125,167
120HH,120HH,837,0.406772524,5-Digit ZCTA,836,Z5,0.00024933,42.9309955,-73.4758895,
136HH,136HH,280,0.451815537,5-Digit ZCTA,279,Z5,0.00188211,43.980221,-76.07725698,
146HH,146HH,575,0.105598372,5-Digit ZCTA,574,Z5,0.000315789,43.1979345,-77.5308215,
12871,12871,688,0.029505143,5-Digit ZCTA,687,Z5,3.33E-05,43.1173855,-73.580507,4084
12855,12855,254,1.25702868,5-Digit ZCTA,253,Z5,0.052648618,43.9954295,-73.819351,259
11787,11787,2362,0.434096617,5-Digit ZCTA,2361,Z5,0.004240333,40.859447,-73.2121015,35772
14517,14517,1106,0.732678518,5-Digit ZCTA,1105,Z5,0.00933154,42.5969825,-77.87115,2883
13480,13480,822,0.730383981,5-Digit ZCTA,821,Z5,0.013721528,42.925601,-75.348085,3532
12721,12721,1664,0.492014862,5-Digit ZCTA,1663,Z5,0.005985493,41.5650035,-74.4261955,6627
13346,13346,914,0.855113518,5-Digit ZCTA,913,Z5,0.011087261,42.8130865,-75.5441045,6735
13340,13340,673,1.084201602,5-Digit ZCTA,672,Z5,0.017352636,43.038384,-75.1050685,8205
13317,13317,887,0.653809717,5-Digit ZCTA,886,Z5,0.012427802,42.855808,-74.593779,3784
13731,13731,1381,0.821556968,5-Digit ZCTA,1380,Z5,0.019181594,42.164427,-74.782834,
13028,13028,491,0.609739821,5-Digit ZCTA,490,Z5,0.005841726,43.2915775,-75.918031,1350
10520,10520,1771,0.520264562,5-Digit ZCTA,1770,Z5,0.003806509,41.2152695,-73.8715785,12810
13203,13203,739,0.093602449,5-Digit ZCTA,738,Z5,0.000502136,43.062266,-76.1379455,16029
14143,14143,797,0.433932498,5-Digit ZCTA,796,Z5,0.004986962,42.977029,-78.0799215,1214
133XX,133XX,271,0.111419222,5-Digit ZCTA,270,Z5,0.000542714,44.0228265,-75.316573,
10014,10014,2077,0.060865948,5-Digit ZCTA,2076,Z5,0.00014458,40.732764,-74.0077805,31959
13165,13165,796,0.66167359,5-Digit ZCTA,795,Z5,0.012041944,42.945301,-76.8874965,
11228,11228,2414,0.103544569,5-Digit ZCTA,2413,Z5,0.000420775,40.61632568,-74.01244,41788
10516,10516,1697,0.488228208,5-Digit ZCTA,1696,Z5,0.008652388,41.4474795,-73.907879,5289
144HH,144HH,721,0.535710098,5-Digit ZCTA,720,Z5,0.00017342,43.0541155,-76.899048,
12762,12762,1634,0.257893963,5-Digit ZCTA,1633,Z5,0.001471715,41.6557925,-74.798312,512
13290,13290,735,0.037729213,5-Digit ZCTA,734,Z5,6.85E-05,43.071566,-76.173697,
12303,12303,989,0.421840946,5-Digit ZCTA,988,Z5,0.00458874,42.755227,-73.913668,29857
11234,11234,2187,0.024719515,5-Digit ZCTA,2186,Z5,3.57E-05,40.628999,-73.840092,87757
13158,13158,981,0.732528998,5-Digit ZCTA,980,Z5,0.020526833,42.7280955,-75.98114,1855
13802,13802,1338,0.382554871,5-Digit ZCTA,1337,Z5,0.002524051,42.2552225,-76.043127,718
14030,14030,1129,0.481909284,5-Digit ZCTA,1128,Z5,0.006369844,42.556907,-78.50638,1807
13454,13454,494,0.788655225,5-Digit ZCTA,493,Z5,0.022732208,43.2352925,-74.7876075,826
13668,13668,69,0.409986873,5-Digit ZCTA,68,Z5,0.003992193,44.739859,-75.045624,3329
12068,12068,811,0.842223026,5-Digit ZCTA,810,Z5,0.010005787,42.9501455,-74.40566,3201
13673,13673,225,0.533273011,5-Digit ZCTA,224,Z5,0.010066204,44.179928,-75.7218245,
11223,11223,2422,0.097164095,5-Digit ZCTA,2421,Z5,0.000583566,40.5962855,-73.97308,78731
10457,10457,1926,0.093616626,5-Digit ZCTA,1925,Z5,0.00034137,40.847029,-73.8982555,70496
10459,10459,1947,0.073704899,5-Digit ZCTA,1946,Z5,0.000239562,40.825579,-73.892055,47308
12188,12188,1001,0.034981921,5-Digit ZCTA,1000,Z5,6.12E-05,42.781027,-73.684662,10980
12986,12986,232,0.020214027,5-Digit ZCTA,231,Z5,2.31E-05,44.2034325,-74.463482,6120
14819,14819,1360,0.80945789,5-Digit ZCTA,1359,Z5,0.011490467,42.2163625,-77.4512425,733
10993,10993,1786,0.091428316,5-Digit ZCTA,1785,Z5,0.000276688,41.211794,-73.9768335,4769
12523,12523,1453,0.4048203,5-Digit ZCTA,1452,Z5,0.007051893,42.0790275,-73.7663725,1798
12053,12053,951,1.032033869,5-Digit ZCTA,950,Z5,0.018189366,42.7567585,-74.1921985,4587
121XX,121XX,489,0.908863666,5-Digit ZCTA,488,Z5,0.026480008,43.2821515,-74.3725055,
13335,13335,1000,0.549051322,5-Digit ZCTA,999,Z5,0.011057545,42.715041,-75.2533385,1590
120HH,120HH,630,0.048288191,5-Digit ZCTA,629,Z5,8.26E-05,43.1583595,-74.0550875,
11550,11550,2099,0.202407631,5-Digit ZCTA,2098,Z5,0.001159806,40.6962515,-73.6205725,56435
12131,12131,1179,0.546435869,5-Digit ZCTA,1178,Z5,0.005169613,42.4807875,-74.4588395,115
13160,13160,909,0.492000131,5-Digit ZCTA,908,Z5,0.005346573,42.8399605,-76.653636,2027
11791,11791,1909,0.32623333,5-Digit ZCTA,1908,Z5,0.003149913,40.829377,-73.4957675,25076
11702,11702,2176,0.027150463,5-Digit ZCTA,2175,Z5,4.24E-05,40.6357,-73.384316,
133HH,133HH,418,0.154413893,5-Digit ZCTA,417,Z5,0.000212735,43.5405455,-75.906829,
128HH,128HH,320,0.070057531,5-Digit ZCTA,319,Z5,0.00014242,43.882273,-73.5801035,
11042,11042,2028,0.068093211,5-Digit ZCTA,2027,Z5,0.000168669,40.759556,-73.699585,520
12074,12074,582,0.35605713,5-Digit ZCTA,581,Z5,0.003672594,43.1830045,-74.044758,2963
10546,10546,1782,0.270401588,5-Digit ZCTA,1781,Z5,0.000665566,41.205233,-73.791207,1277
13036,13036,475,0.190095598,5-Digit ZCTA,474,Z5,0.001043616,43.3617005,-76.083665,8680
14131,14131,2278,0.640784811,5-Digit ZCTA,2277,Z5,0.01213872,43.23842396,-78.902512,5283
127HH,127HH,1658,0.095535262,5-Digit ZCTA,1657,Z5,2.78E-05,41.63260602,-75.04972383,
11702,11702,2157,0.029548062,5-Digit ZCTA,2156,Z5,3.48E-05,40.6505995,-73.281863,
11569,11569,2226,0.054798705,5-Digit ZCTA,2225,Z5,8.70E-05,40.6104525,-73.5826725,
12701,12701,1628,0.77045643,5-Digit ZCTA,1627,Z5,0.017511816,41.6558235,-74.6974705,11324
129HH,129HH,122,0.10015791,5-Digit ZCTA,121,Z5,0.000158733,44.5157035,-74.1148915,
13662,13662,23,0.08935469,5-Digit ZCTA,22,Z5,0.0002873,44.9727455,-74.9795235,
14859,14859,1421,0.704803365,5-Digit ZCTA,1420,Z5,0.010514212,42.12989,-76.5441205,1029
13662,13662,13,0.039777211,5-Digit ZCTA,12,Z5,7.97E-05,44.9959815,-74.8829555,
12209,12209,1099,0.121837557,5-Digit ZCTA,1098,Z5,0.000524032,42.639029,-73.7892025,10121
13166,13166,730,0.024903373,5-Digit ZCTA,729,Z5,3.16E-05,43.0806825,-76.5749545,5610
13626,13626,305,1.084005582,5-Digit ZCTA,304,Z5,0.024971838,43.8477745,-75.720467,2267
12074,12074,677,0.692759579,5-Digit ZCTA,676,Z5,0.010415947,43.051959,-74.046127,
129XX,129XX,256,0.139282903,5-Digit ZCTA,255,Z5,0.00082908,44.078803,-73.9838285,
12853,12853,352,0.588811686,5-Digit ZCTA,351,Z5,0.008545535,43.727421,-73.940613,1770
10804,10804,1857,0.188859223,5-Digit ZCTA,1856,Z5,0.001257932,40.9513485,-73.7875765,14146
136HH,136HH,226,0.257967206,5-Digit ZCTA,225,Z5,0.000329428,44.220061,-74.9463705,
121HH,121HH,863,0.048309272,5-Digit ZCTA,862,Z5,0.000160349,42.9351345,-73.782733,
11566,11566,2197,0.042772744,5-Digit ZCTA,2196,Z5,3.28E-05,40.622152,-73.538771,
14826,14826,1155,0.847476379,5-Digit ZCTA,1154,Z5,0.017026905,42.4835545,-77.4998985,2216
13659,13659,339,0.694626183,5-Digit ZCTA,338,Z5,0.016875197,43.743538,-75.88782,593
12582,12582,1670,0.457386547,5-Digit ZCTA,1669,Z5,0.004610431,41.5496995,-73.7262545,6191
14560,14560,1015,0.671836093,5-Digit ZCTA,1014,Z5,0.010404878,42.6789885,-77.5910015,2164
12926,12926,18,0.758325459,5-Digit ZCTA,17,Z5,0.014162433,44.94496021,-74.3322415,2208
114HH,114HH,2155,0.060451543,5-Digit ZCTA,2154,Z5,4.97E-05,40.649748,-73.8510235,
11427,11427,2078,0.108818531,5-Digit ZCTA,2077,Z5,0.000424559,40.7297915,-73.7498115,23593
12726,12726,1629,0.712511188,5-Digit ZCTA,1628,Z5,0.008141563,41.6913045,-74.974357,1162
136HH,136HH,2,6.175573673,5-Digit ZCTA,1,Z5,0.018648219,44.6888235,-75.28979134,
14534,14534,698,0.266592794,5-Digit ZCTA,697,Z5,0.001381393,43.0867045,-77.5089685,31426
11413,11413,2134,0.15093084,5-Digit ZCTA,2133,Z5,0.000828661,40.6642365,-73.749544,38912
12589,12589,1655,0.696777293,5-Digit ZCTA,1654,Z5,0.009730109,41.6090385,-74.1097575,
13343,13343,334,0.868985471,5-Digit ZCTA,333,Z5,0.013091532,43.747239,-75.29416,
13468,13468,917,0.298614283,5-Digit ZCTA,916,Z5,0.002696417,42.845275,-74.8526885,451
14877,14877,1451,0.587229544,5-Digit ZCTA,1450,Z5,0.014032487,42.0712325,-77.6849155,401
128XX,128XX,331,0.030248921,5-Digit ZCTA,330,Z5,4.69E-05,43.818115,-74.6390565,
120HH,120HH,666,0.119721809,5-Digit ZCTA,665,Z5,0.000254585,43.132009,-74.490788,
133HH,133HH,451,0.139387432,5-Digit ZCTA,450,Z5,0.000128404,43.427572,-75.2060845,
13402,13402,832,0.701567072,5-Digit ZCTA,831,Z5,0.009209405,42.9032475,-75.5080995,1534
11203,11203,2150,0.098197845,5-Digit ZCTA,2149,Z5,0.000592038,40.648628,-73.9339875,76174
14568,14568,598,0.486818727,5-Digit ZCTA,597,Z5,0.006565806,43.1430995,-77.2883225,6048
10518,10518,1765,0.191957109,5-Digit ZCTA,1764,Z5,0.001353677,41.273581,-73.5997945,1268
14717,14717,1255,0.315624311,5-Digit ZCTA,1254,Z5,0.002946371,42.382732,-78.1213585,636
12525,12525,1621,0.545279402,5-Digit ZCTA,1620,Z5,0.006401459,41.693879,-74.232195,
11234,11234,2221,0.045863659,5-Digit ZCTA,2220,Z5,8.42E-05,40.610198,-73.84439,
12188,12188,924,0.389344693,5-Digit ZCTA,923,Z5,0.003818858,42.8251,-73.69846,
134HH,134HH,597,0.045211016,5-Digit ZCTA,596,Z5,0.000115785,43.189434,-74.6008935,
14548,14548,786,0.839452626,5-Digit ZCTA,785,Z5,0.007645315,42.9729215,-77.248877,4249
12589,12589,1646,0.494874691,5-Digit ZCTA,1645,Z5,0.005096002,41.640465,-74.240049,17228
06390,06390,2312,0.245873786,5-Digit ZCTA,2311,Z5,0.001642954,41.26995803,-71.98182419,236
13662,13662,45,0.045296616,5-Digit ZCTA,44,Z5,8.47E-05,44.895973,-75.008261,
13092,13092,1057,0.738256229,5-Digit ZCTA,1056,Z5,0.013881443,42.6543695,-76.4106685,2606
12192,12192,1223,0.404040995,5-Digit ZCTA,1222,Z5,0.004841733,42.4091545,-73.8213265,
144HH,144HH,1133,0.465817027,5-Digit ZCTA,1132,Z5,0.001712173,42.5460135,-77.1213565,
12834,12834,604,1.040488787,5-Digit ZCTA,603,Z5,0.026192614,43.0889725,-73.5006605,6594
11205,11205,2390,0.0909797,5-Digit ZCTA,2389,Z5,0.000368416,40.6980885,-73.9659055,40366
10473,10473,1953,0.138363594,5-Digit ZCTA,1952,Z5,0.000576853,40.8165295,-73.8621045,58519
134XX,134XX,402,0.216078307,5-Digit ZCTA,401,Z5,0.000969292,43.592543,-75.690989,
12852,12852,243,1.99815362,5-Digit ZCTA,242,Z5,0.045373291,43.9991985,-74.1149385,436
13621,13621,44,0.367579138,5-Digit ZCTA,43,Z5,0.00271452,44.865105,-75.080166,650
13753,13753,1256,1.055448469,5-Digit ZCTA,1255,Z5,0.027065961,42.315225,-74.9214205,5848
128HH,128HH,328,0.12257124,5-Digit ZCTA,327,Z5,0.000139148,43.8424755,-74.4141805,
12094,12094,860,0.489772291,5-Digit ZCTA,859,Z5,0.00471901,42.892243,-73.49524,
10519,10519,1737,0.08432532,5-Digit ZCTA,1736,Z5,0.000136324,41.340487,-73.6636855,316
129HH,129HH,193,0.112175059,5-Digit ZCTA,192,Z5,0.000194444,44.3121025,-74.41213,
13760,13760,1395,0.821651206,5-Digit ZCTA,1394,Z5,0.013291372,42.145985,-76.0793225,44264
136HH,136HH,282,0.167835334,5-Digit ZCTA,281,Z5,0.000129771,43.9874745,-75.8410895,
12471,12471,1585,0.077775214,5-Digit ZCTA,1584,Z5,6.72E-05,41.8355745,-74.0411885,215
12503,12503,1513,0.423435417,5-Digit ZCTA,1512,Z5,0.007808736,42.031541,-73.5749555,775
13756,13756,1514,0.675642264,5-Digit ZCTA,1513,Z5,0.008275227,42.023505,-75.1155665,613
14505,14505,565,0.668328257,5-Digit ZCTA,564,Z5,0.012300116,43.167854,-77.166749,5393
14521,14521,1027,0.700532192,5-Digit ZCTA,1026,Z5,0.012565616,42.6854865,-76.7954695,2761
128HH,128HH,430,0.501590102,5-Digit ZCTA,429,Z5,0.0033338,43.4727005,-73.665721,
13452,13452,694,1.01439868,5-Digit ZCTA,693,Z5,0.019973801,43.0426455,-74.628734,4629
13322,13322,800,0.429829292,5-Digit ZCTA,799,Z5,0.003980611,42.9728435,-75.2048085,1076
107HH,107HH,1849,0.20723439,5-Digit ZCTA,1848,Z5,0.000787467,40.9602875,-73.900992,
10605,10605,1843,0.200851343,5-Digit ZCTA,1842,Z5,0.001368682,41.0065975,-73.7435255,18126
11420,11420,2136,0.101741526,5-Digit ZCTA,2135,Z5,0.00058095,40.674138,-73.81904,44354
10562,10562,1778,0.373672562,5-Digit ZCTA,1777,Z5,0.003552196,41.187888,-73.831469,31796
10173,10173,2059,0.004967578,5-Digit ZCTA,2058,Z5,1.29E-06,40.754305,-73.979564,
12180,12180,960,0.993815298,5-Digit ZCTA,959,Z5,0.016669368,42.7495455,-73.5951185,53606
14545,14545,1082,0.1068558,5-Digit ZCTA,1081,Z5,0.000593381,42.6608575,-77.701496,173
12803,12803,510,0.273046205,5-Digit ZCTA,509,Z5,0.001816814,43.2824205,-73.6340535,7567
12167,12167,1213,1.089184714,5-Digit ZCTA,1212,Z5,0.01645269,42.3941305,-74.6066375,2438
11224,11224,2433,0.106683238,5-Digit ZCTA,2432,Z5,0.000410992,40.5767375,-73.9900505,47621
14536,14536,1143,0.428101875,5-Digit ZCTA,1142,Z5,0.005265909,42.5404605,-78.0868465,687
10604,10604,1825,0.208095301,5-Digit ZCTA,1824,Z5,0.001109229,41.05116,-73.742324,
10925,10925,1783,0.165430363,5-Digit ZCTA,1782,Z5,0.000397677,41.20590115,-74.29257455,4539
11237,11237,2107,0.094111619,5-Digit ZCTA,2106,Z5,0.00027941,40.704071,-73.91807,49896
10576,10576,1772,0.482485081,5-Digit ZCTA,1771,Z5,0.006148716,41.20702627,-73.56815792,5116
13148,13148,864,0.54557921,5-Digit ZCTA,863,Z5,0.009122753,42.8685595,-76.784822,
12306,12306,910,1.005648266,5-Digit ZCTA,909,Z5,0.012835418,42.8055815,-74.0564925,
133XX,133XX,375,0.100330491,5-Digit ZCTA,374,Z5,0.000470859,43.6615,-75.6251505,
10553,10553,1877,0.065347131,5-Digit ZCTA,1876,Z5,0.000187039,40.909349,-73.821777,10170
13148,13148,787,0.190794904,5-Digit ZCTA,786,Z5,0.001417471,43.0115575,-76.754911,
13407,13407,790,0.806426421,5-Digit ZCTA,789,Z5,0.016571417,42.966446,-74.9381505,5453
12775,12775,1657,0.405823579,5-Digit ZCTA,1656,Z5,0.00376788,41.615015,-74.580141,2297
14039,14039,933,0.17073584,5-Digit ZCTA,932,Z5,0.000423243,42.838285,-78.1649865,101
104HH,104HH,1954,0.452388805,5-Digit ZCTA,1953,Z5,0.00115435,40.8084295,-73.84985508,
13167,13167,463,0.041366191,5-Digit ZCTA,462,Z5,0.000106929,43.396396,-75.988613,
11978,11978,1912,0.308998094,5-Digit ZCTA,1911,Z5,0.003110397,40.833109,-72.6491715,
10038,10038,2384,0.050163653,5-Digit ZCTA,2383,Z5,7.46E-05,40.709471,-74.001219,20300
12518,12518,1711,0.283718712,5-Digit ZCTA,1710,Z5,0.002631265,41.4173935,-74.036271,5870
14836,14836,1151,0.830062505,5-Digit ZCTA,1150,Z5,0.01002281,42.4998685,-77.9260965,
13365,13365,802,0.096396713,5-Digit ZCTA,801,Z5,5.97E-05,43.005852,-74.7624415,
127HH,127HH,1665,0.96050515,5-Digit ZCTA,1664,Z5,0.000287964,41.51993691,-74.93139161,
10607,10607,1835,0.187618758,5-Digit ZCTA,1834,Z5,0.000799795,41.0373965,-73.8106385,6824
11558,11558,2424,0.028092517,5-Digit ZCTA,2423,Z5,4.87E-05,40.601303,-73.665174,
13608,13608,194,0.574010651,5-Digit ZCTA,193,Z5,0.011325509,44.246542,-75.6268765,1719
11755,11755,1904,0.159585345,5-Digit ZCTA,1903,Z5,0.000920163,40.858994,-73.1210025,12387
12529,12529,1440,0.286057752,5-Digit ZCTA,1439,Z5,0.001069358,42.139324,-73.6184125,2859
13124,13124,1069,0.274684084,5-Digit ZCTA,1068,Z5,0.001478821,42.653762,-75.819244,124
10310,10310,2169,0.096430798,5-Digit ZCTA,2168,Z5,0.000487884,40.632903,-74.1179715,24962
131HH,131HH,858,0.519924825,5-Digit ZCTA,857,Z5,0.003592774,42.854668,-76.3537835,
12202,12202,1097,0.160539456,5-Digit ZCTA,1096,Z5,0.000625889,42.631579,-73.760115,9628
117HH,117HH,2330,0.257264087,5-Digit ZCTA,2329,Z5,0.000748989,40.959642,-73.097711,
14069,14069,1116,0.187155913,5-Digit ZCTA,1115,Z5,0.001540075,42.597273,-78.635202,844
14060,14060,1209,0.455011329,5-Digit ZCTA,1208,Z5,0.004447257,42.446942,-78.3152495,443
10475,10475,1898,0.085166272,5-Digit ZCTA,1897,Z5,0.000316693,40.8728285,-73.828653,
14464,14464,486,0.463777925,5-Digit ZCTA,485,Z5,0.008377355,43.3232595,-77.92639622,7524
14020,14020,749,0.942345687,5-Digit ZCTA,748,Z5,0.01946384,42.9898295,-78.222114,23306
12459,12459,1361,0.279809619,5-Digit ZCTA,1360,Z5,0.002730368,42.2200705,-74.6932865,161
128HH,128HH,283,0.067014432,5-Digit ZCTA,282,Z5,0.000139441,43.987106,-74.6417115,
10464,10464,2369,0.053182595,5-Digit ZCTA,2368,Z5,0.000114763,40.84768694,-73.78670412,
13612,13612,273,0.659475385,5-Digit ZCTA,272,Z5,0.006077412,43.990641,-75.773546,2852
10023,10023,1997,0.085203961,5-Digit ZCTA,1996,Z5,0.000192352,40.7764525,-73.983332,60998
11961,11961,1871,0.021607303,5-Digit ZCTA,1870,Z5,2.81E-05,40.930609,-72.8976905,12834
13676,13676,70,2.164984327,5-Digit ZCTA,69,Z5,0.047453827,44.659606,-74.9067115,
129HH,129HH,152,0.023618656,5-Digit ZCTA,151,Z5,2.53E-05,44.4434925,-74.2602205,
136HH,136HH,183,0.152915056,5-Digit ZCTA,182,Z5,0.000462014,44.320475,-75.7742945,
11050,11050,2365,0.312821333,5-Digit ZCTA,2364,Z5,0.002737411,40.8373495,-73.69360914,30171
13675,13675,207,0.138633758,5-Digit ZCTA,206,Z5,0.000455481,44.2846875,-75.83385,160
12817,12817,362,0.696910489,5-Digit ZCTA,361,Z5,0.016479967,43.626859,-73.8236025,2274
10501,10501,1756,0.177431507,5-Digit ZCTA,1755,Z5,0.000328276,41.295206,-73.7557525,1219
12903,12903,85,0.043375871,5-Digit ZCTA,84,Z5,8.47E-05,44.684676,-73.445477,1217
14008,14008,2272,0.418128675,5-Digit ZCTA,2271,Z5,0.007185503,43.31124962,-78.63436822,1467
12487,12487,1568,0.370314136,5-Digit ZCTA,1567,Z5,0.005723822,41.859807,-73.9984315,3268
12955,12955,54,0.470638886,5-Digit ZCTA,53,Z5,0.008081697,44.8000275,-73.9656135,
134HH,134HH,330,0.055389961,5-Digit ZCTA,329,Z5,0.000124811,43.818172,-74.7355335,
11716,11716,1992,0.244541735,5-Digit ZCTA,1991,Z5,0.002417671,40.769874,-73.126372,10700
14845,14845,1346,1.007864751,5-Digit ZCTA,1345,Z5,0.022345896,42.2125345,-76.846753,20453
11939,11939,2439,0.176795882,5-Digit ZCTA,2438,Z5,0.000520151,41.13040603,-72.3306625,926
10591,10591,1809,0.315724799,5-Digit ZCTA,1808,Z5,0.002579695,41.085806,-73.8397235,22540
10303,10303,2408,0.155981536,5-Digit ZCTA,2407,Z5,0.001202397,40.630636,-74.17255941,26337
10282,10282,2380,0.016966699,5-Digit ZCTA,2379,Z5,1.13E-05,40.716626,-74.0144935,4783
129HH,129HH,103,0.10970673,5-Digit ZCTA,102,Z5,0.000555708,44.562271,-74.2913615,
11433,11433,2116,0.087731579,5-Digit ZCTA,2115,Z5,0.000445327,40.696917,-73.786457,32687
137HH,137HH,1470,0.744043479,5-Digit ZCTA,1469,Z5,0.00165078,42.0948685,-74.8567105,
134HH,134HH,419,0.309818001,5-Digit ZCTA,418,Z5,0.00090663,43.5337435,-75.8424555,
12955,12955,62,0.134290144,5-Digit ZCTA,61,Z5,0.000572383,44.7707305,-73.985629,381
11040,11040,2034,0.168588889,5-Digit ZCTA,2033,Z5,0.001281919,40.7437015,-73.6791605,40782
13329,13329,641,0.9326378,5-Digit ZCTA,640,Z5,0.016925997,43.106296,-74.6999715,3889
144HH,144HH,955,0.255989245,5-Digit ZCTA,954,Z5,0.001451028,42.7786195,-77.711354,
11779,11779,1933,0.349034009,5-Digit ZCTA,1932,Z5,0.003792971,40.815378,-73.1181345,38421
129XX,129XX,111,0.467627095,5-Digit ZCTA,110,Z5,0.008257629,44.513593,-74.2240555,
13796,13796,1134,0.478151094,5-Digit ZCTA,1133,Z5,0.005674871,42.548379,-75.145209,1236
12575,12575,1684,0.477549799,5-Digit ZCTA,1683,Z5,0.004428548,41.4893615,-74.1609155,2258
12020,12020,737,0.981131267,5-Digit ZCTA,736,Z5,0.022159449,43.0041815,-73.8694585,31192
13034,13034,812,0.614486567,5-Digit ZCTA,811,Z5,0.006224774,42.920372,-76.6804965,1989
14487,14487,932,0.697344236,5-Digit ZCTA,931,Z5,0.009276628,42.8145775,-77.615039,6025
11790,11790,2343,0.318982708,5-Digit ZCTA,2342,Z5,0.001817893,40.906322,-73.1242105,18511
13459,13459,950,0.593914231,5-Digit ZCTA,949,Z5,0.013474079,42.784832,-74.5685765,2222
14715,14715,1446,1.022633688,5-Digit ZCTA,1445,Z5,0.014176856,42.07598953,-78.1553435,2747
13901,13901,1389,0.476808008,5-Digit ZCTA,1388,Z5,0.005580625,42.196179,-75.8884855,
10036,10036,2027,0.074822196,5-Digit ZCTA,2026,Z5,0.000135946,40.7600995,-73.99249,24711
13861,13861,1172,0.271169955,5-Digit ZCTA,1171,Z5,0.002492179,42.5009785,-75.1392805,432
12583,12583,1510,0.424790925,5-Digit ZCTA,1509,Z5,0.004108052,42.0555705,-73.8694565,
12125,12125,1189,0.468443043,5-Digit ZCTA,1188,Z5,0.004228392,42.46974769,-73.425079,1373
10504,10504,1815,0.052831231,5-Digit ZCTA,1814,Z5,0.000142039,41.084146,-73.7384695,7987
10507,10507,1774,0.237381621,5-Digit ZCTA,1773,Z5,0.002451023,41.229701,-73.692273,6408
129HH,129HH,139,0.051540352,5-Digit ZCTA,138,Z5,4.41E-05,44.4840175,-74.1598675,
13679,13679,191,0.215569754,5-Digit ZCTA,190,Z5,0.001898242,44.2978395,-75.9396825,
12847,12847,248,3.056169054,5-Digit ZCTA,247,Z5,0.118239165,43.954059,-74.5550845,605
12307,12307,980,0.063720428,5-Digit ZCTA,979,Z5,0.000216601,42.8046265,-73.9352245,7692
11418,11418,2114,0.112631944,5-Digit ZCTA,2113,Z5,0.000449462,40.699817,-73.8342715,36256
13685,13685,286,0.499051632,5-Digit ZCTA,285,Z5,0.005288816,43.9318455,-76.076521,2272
12451,12451,1303,0.410208153,5-Digit ZCTA,1302,Z5,0.002984048,42.3010025,-73.935705,1674
129HH,129HH,173,0.159171083,5-Digit ZCTA,172,Z5,0.00026164,44.356848,-74.359465,
11572,11572,2210,0.028579072,5-Digit ZCTA,2209,Z5,3.71E-05,40.618453,-73.656574,
12912,12912,116,1.57701521,5-Digit ZCTA,115,Z5,0.029098208,44.4447605,-73.754616,1998
12850,12850,628,0.803045276,5-Digit ZCTA,627,Z5,0.01148904,43.0932355,-73.9734735,2835
12594,12594,1631,0.240567068,5-Digit ZCTA,1630,Z5,0.000902749,41.687725,-73.54333089,4275
12586,12586,1671,0.33681486,5-Digit ZCTA,1670,Z5,0.004586808,41.5589505,-74.1489845,
148HH,148HH,1512,0.11435462,5-Digit ZCTA,1511,Z5,6.63E-05,42.077624,-76.8403795,
117HH,117HH,2344,0.61049566,5-Digit ZCTA,2343,Z5,0.00207304,40.9142475,-73.4180755,
148HH,148HH,1443,0.727767117,5-Digit ZCTA,1442,Z5,0.000373456,42.117702,-77.0074485,
13054,13054,583,0.483709703,5-Digit ZCTA,582,Z5,0.007382502,43.1619475,-75.673306,
14423,14423,820,0.776149815,5-Digit ZCTA,819,Z5,0.014137042,42.9255855,-77.8297525,
11372,11372,2052,0.065319413,5-Digit ZCTA,2051,Z5,0.000197065,40.7512325,-73.882508,66636
11558,11558,2220,0.02501839,5-Digit ZCTA,2219,Z5,2.69E-05,40.612283,-73.678976,
11793,11793,2207,0.02474618,5-Digit ZCTA,2206,Z5,3.42E-05,40.6191015,-73.50032,
12857,12857,297,0.854265489,5-Digit ZCTA,296,Z5,0.019586633,43.8362465,-73.9406025,498
120HH,120HH,1339,0.076761752,5-Digit ZCTA,1338,Z5,0.000106092,42.29499,-73.8082335,
14425,14425,773,0.605179361,5-Digit ZCTA,772,Z5,0.006413254,42.989461,-77.3241415,10717
12070,12070,804,0.30586896,5-Digit ZCTA,803,Z5,0.003110181,42.983615,-74.2503665,1410
13617,13617,78,0.924468043,5-Digit ZCTA,77,Z5,0.011212787,44.614728,-75.24911,11299
11975,11975,2339,0.11986699,5-Digit ZCTA,2338,Z5,0.000733592,40.93972684,-72.248021,408
11717,11717,1976,0.268043054,5-Digit ZCTA,1975,Z5,0.002997787,40.78069,-73.2547045,60745
13470,13470,525,0.750073109,5-Digit ZCTA,524,Z5,0.018373895,43.20834,-74.6280205,725
133XX,133XX,366,0.552846408,5-Digit ZCTA,365,Z5,0.010046819,43.6478255,-74.7279775,
12422,12422,1261,0.212738358,5-Digit ZCTA,1260,Z5,0.002304773,42.390241,-74.2117865,339
14051,14051,719,0.482626263,5-Digit ZCTA,718,Z5,0.004260827,43.044307,-78.696676,19533
129HH,129HH,74,0.057912784,5-Digit ZCTA,73,Z5,0.000133061,44.719047,-74.069965,
128HH,128HH,501,0.491747811,5-Digit ZCTA,500,Z5,0.002258704,43.264905,-74.0089605,
12927,12927,190,0.880692564,5-Digit ZCTA,189,Z5,0.015124469,44.2413,-74.862072,224
14841,14841,1167,0.329977293,5-Digit ZCTA,1166,Z5,0.003521229,42.510041,-76.848552,915
12015,12015,1358,0.054689735,5-Digit ZCTA,1357,Z5,8.46E-05,42.269417,-73.794993,3010
11211,11211,2096,0.128221534,5-Digit ZCTA,2095,Z5,0.000521039,40.7112575,-73.9460005,90117
12036,12036,1142,0.317855749,5-Digit ZCTA,1141,Z5,0.002550376,42.5458245,-74.667222,228
12934,12934,29,0.968055728,5-Digit ZCTA,28,Z5,0.022476303,44.8633915,-73.886454,1074
12930,12930,67,0.579206161,5-Digit ZCTA,66,Z5,0.009011974,44.7314135,-74.5453505,634
145HH,145HH,720,0.547259319,5-Digit ZCTA,719,Z5,0.000122334,43.013942,-77.7226445,
12118,12118,885,0.04972736,5-Digit ZCTA,884,Z5,8.18E-05,42.908247,-73.675641,13897
12522,12522,1609,0.965349926,5-Digit ZCTA,1608,Z5,0.013351332,41.720973,-73.58468249,5172
10035,10035,1982,0.065499195,5-Digit ZCTA,1981,Z5,0.000237462,40.7909835,-73.925625,
105HH,105HH,1808,0.393889941,5-Digit ZCTA,1807,Z5,0.000920654,41.09531,-73.745849,
11234,11234,2229,0.032255995,5-Digit ZCTA,2228,Z5,7.16E-05,40.610799,-73.853741,
136HH,136HH,48,0.09631557,5-Digit ZCTA,47,Z5,0.000144745,44.8785935,-75.1045775,
13337,13337,976,0.4711554,5-Digit ZCTA,975,Z5,0.005644686,42.7597185,-74.981211,790
13339,13339,798,0.55820208,5-Digit ZCTA,797,Z5,0.008772344,42.969068,-74.555658,
14615,14615,561,0.288806057,5-Digit ZCTA,560,Z5,0.001711902,43.209212,-77.650826,16099
128XX,128XX,292,0.317463702,5-Digit ZCTA,291,Z5,0.00165351,43.9304595,-73.989046,
129HH,129HH,150,3.022601757,5-Digit ZCTA,149,Z5,0.005484978,44.2883425,-74.532864,
11767,11767,1919,0.162890424,5-Digit ZCTA,1918,Z5,0.001181131,40.84541,-73.1456515,14530
11569,11569,2211,0.026563428,5-Digit ZCTA,2210,Z5,3.30E-05,40.618752,-73.573522,
11704,11704,2081,0.271386039,5-Digit ZCTA,2080,Z5,0.002133472,40.706199,-73.363365,40222
12965,12965,77,0.383229818,5-Digit ZCTA,76,Z5,0.002965657,44.691922,-74.6788635,516
136HH,136HH,244,0.068386866,5-Digit ZCTA,243,Z5,0.000250533,44.12022,-75.897876,
12916,12916,66,0.030370396,5-Digit ZCTA,65,Z5,4.43E-05,44.78005,-74.4916265,2135
124HH,124HH,1378,2.311050096,5-Digit ZCTA,1377,Z5,0.004273217,42.007833,-73.9598215,
14052,14052,946,0.983726493,5-Digit ZCTA,945,Z5,0.018812785,42.7679715,-78.5800415,17329
12812,12812,310,0.793040857,5-Digit ZCTA,309,Z5,0.01388251,43.872721,-74.4072295,150
141HH,141HH,724,0.812106336,5-Digit ZCTA,723,Z5,0.000881563,43.0126526,-78.8388575,
11691,11691,2189,0.033260434,5-Digit ZCTA,2188,Z5,4.45E-05,40.6245325,-73.813689,60035
10013,10013,2378,0.053221585,5-Digit ZCTA,2377,Z5,0.000142642,40.7208855,-74.0034455,27700
12871,12871,617,0.652370334,5-Digit ZCTA,616,Z5,0.008831691,43.095858,-73.619161,
14416,14416,657,0.704162074,5-Digit ZCTA,656,Z5,0.010394756,43.08127,-78.016201,3817
14838,14838,1386,0.552830279,5-Digit ZCTA,1385,Z5,0.01049343,42.182594,-76.668634,1956
10469,10469,1903,0.142985465,5-Digit ZCTA,1902,Z5,0.000707345,40.8686785,-73.8390035,66631
129HH,129HH,119,0.019562905,5-Digit ZCTA,118,Z5,2.09E-05,44.534609,-74.0956275,
12538,12538,1588,0.693088667,5-Digit ZCTA,1587,Z5,0.007024509,41.7919725,-73.8874675,14578
14025,14025,1092,0.537028095,5-Digit ZCTA,1091,Z5,0.007159978,42.6219745,-78.7289155,3039
13080,13080,697,0.487019966,5-Digit ZCTA,696,Z5,0.005527351,43.065943,-76.4544935,
12019,12019,827,0.354063545,5-Digit ZCTA,826,Z5,0.002715723,42.9366115,-73.966369,14740
13680,13680,102,0.406081591,5-Digit ZCTA,101,Z5,0.00399357,44.5489175,-75.3734005,1244
11956,11956,1855,0.065737072,5-Digit ZCTA,1854,Z5,0.000196821,40.96866,-72.462634,
13411,13411,1029,1.045783147,5-Digit ZCTA,1028,Z5,0.020469975,42.638828,-75.3054165,3264
10153,10153,2032,0.005044149,5-Digit ZCTA,2031,Z5,1.35E-06,40.763737,-73.9726805,
14075,14075,1006,0.803060786,5-Digit ZCTA,1005,Z5,0.011500676,42.709059,-78.822497,41937
13865,13865,1488,0.022387082,5-Digit ZCTA,1487,Z5,2.18E-05,42.099978,-75.6392735,6371
10177,10177,2055,0.002702011,5-Digit ZCTA,2054,Z5,2.74E-07,40.755207,-73.9760825,
12972,12972,112,0.136228138,5-Digit ZCTA,111,Z5,0.000573663,44.5481575,-73.440452,
12780,12780,1717,0.101989367,5-Digit ZCTA,1716,Z5,6.32E-05,41.42698201,-74.777386,2312
128HH,128HH,371,0.043452513,5-Digit ZCTA,370,Z5,7.49E-05,43.679466,-74.233247,
129HH,129HH,124,0.530594719,5-Digit ZCTA,123,Z5,0.000217185,44.4817615,-73.5653345,
11598,11598,2164,0.131270774,5-Digit ZCTA,2163,Z5,0.000552951,40.6309035,-73.7116035,13328
11751,11751,2057,0.153786235,5-Digit ZCTA,2056,Z5,0.001219033,40.728506,-73.2140395,14961
11697,11697,2434,0.165157413,5-Digit ZCTA,2433,Z5,0.0006692,40.5601145,-73.9008955,4079
14024,14024,1095,0.768372704,5-Digit ZCTA,1094,Z5,0.018453314,42.574376,-78.2483005,1688
128HH,128HH,260,0.399659341,5-Digit ZCTA,259,Z5,0.001421501,44.0467795,-74.6067585,
13301,13301,453,0.17088638,5-Digit ZCTA,452,Z5,0.001019284,43.4221615,-75.2243045,
12192,12192,1222,0.079333066,5-Digit ZCTA,1221,Z5,0.000203387,42.4453905,-73.7785585,1722
11702,11702,2171,0.025534023,5-Digit ZCTA,2170,Z5,2.66E-05,40.639951,-73.410367,
105HH,105HH,2324,0.11004077,5-Digit ZCTA,2323,Z5,0.000152409,40.97895744,-73.66586981,
12439,12439,1342,0.070193227,5-Digit ZCTA,1341,Z5,0.000124826,42.299119,-74.21918,305
13035,13035,780,1.145215625,5-Digit ZCTA,779,Z5,0.022731945,42.9377905,-75.810711,8617
11566,11566,2191,0.048176501,5-Digit ZCTA,2190,Z5,0.000120504,40.622402,-73.5622835,
12883,12883,313,0.835654938,5-Digit ZCTA,312,Z5,0.024456425,43.854862,-73.5089205,5025
12482,12482,1355,0.096735269,5-Digit ZCTA,1354,Z5,0.000172025,42.2715425,-73.9629215,680
12816,12816,663,1.045646302,5-Digit ZCTA,662,Z5,0.020163401,43.054343,-73.38997507,4610
11421,11421,2120,0.0745719,5-Digit ZCTA,2119,Z5,0.000336967,40.6922975,-73.8574025,39127
12921,12921,34,0.587526578,5-Digit ZCTA,33,Z5,0.008866928,44.8761295,-73.451646,2410
12160,12160,1003,0.351249878,5-Digit ZCTA,1002,Z5,0.004140652,42.7603215,-74.359911,
13332,13332,968,1.11356374,5-Digit ZCTA,967,Z5,0.014669702,42.759707,-75.5640885,2460
12071,12071,1120,0.45189179,5-Digit ZCTA,1119,Z5,0.003621172,42.5769535,-74.403819,270
13743,13743,1340,0.824823709,5-Digit ZCTA,1339,Z5,0.017378747,42.2309585,-76.340766,3806
10977,10977,1799,0.405754148,5-Digit ZCTA,1798,Z5,0.00323933,41.11634448,-74.04601562,59048
14129,14129,1168,0.620721094,5-Digit ZCTA,1167,Z5,0.009103648,42.4827695,-79.00302,1591
11576,11576,2006,0.09577075,5-Digit ZCTA,2005,Z5,0.000316583,40.7698005,-73.6746235,
13116,13116,727,0.090423614,5-Digit ZCTA,726,Z5,0.000394003,43.074529,-76.0063415,3457
145HH,145HH,591,0.108468203,5-Digit ZCTA,590,Z5,3.63E-05,43.198611,-77.8481325,
12046,12046,1170,0.419816349,5-Digit ZCTA,1169,Z5,0.004554069,42.4892425,-73.925834,817
11972,11972,1952,0.071960645,5-Digit ZCTA,1951,Z5,0.00022075,40.818115,-72.7014135,1321
12136,12136,1206,0.385928047,5-Digit ZCTA,1205,Z5,0.005426383,42.4372745,-73.560153,804
13640,13640,217,0.021050716,5-Digit ZCTA,216,Z5,2.12E-05,44.282836,-76.0433255,271
12910,12910,38,1.013018881,5-Digit ZCTA,37,Z5,0.016263143,44.8551935,-73.647308,2148
13325,13325,361,1.388073796,5-Digit ZCTA,360,Z5,0.029143504,43.6004415,-75.521553,866
134HH,134HH,523,0.108493207,5-Digit ZCTA,522,Z5,4.90E-05,43.278463,-75.6227475,
12120,12120,1191,0.495797316,5-Digit ZCTA,1190,Z5,0.004020322,42.458242,-74.1396215,613
109HH,109HH,1747,0.083053762,5-Digit ZCTA,1746,Z5,0.000117364,41.3233295,-74.3379365,
133XX,133XX,333,0.296507163,5-Digit ZCTA,332,Z5,0.002708243,43.7695535,-74.677815,
12585,12585,1623,0.236301009,5-Digit ZCTA,1622,Z5,0.001701112,41.720389,-73.7032545,885
136HH,136HH,16,1.948367536,5-Digit ZCTA,15,Z5,0.001203048,44.76027316,-74.9772455,
14591,14591,912,0.677100487,5-Digit ZCTA,911,Z5,0.009075157,42.8335035,-78.09764,1748
12405,12405,1320,0.169252274,5-Digit ZCTA,1319,Z5,0.001094889,42.316525,-74.0773705,780
14818,14818,1166,0.667854263,5-Digit ZCTA,1165,Z5,0.01182776,42.4651135,-76.814103,1745
14111,14111,1115,0.770631102,5-Digit ZCTA,1114,Z5,0.01024619,42.581429,-78.9005585,3352
12155,12155,1060,0.914960001,5-Digit ZCTA,1059,Z5,0.016886256,42.585605,-74.866844,1977
12986,12986,234,0.024347582,5-Digit ZCTA,233,Z5,2.76E-05,44.185553,-74.5102985,
12078,12078,712,0.019778294,5-Digit ZCTA,711,Z5,2.06E-05,43.0908295,-74.213519,23773
129HH,129HH,136,0.035057569,5-Digit ZCTA,135,Z5,7.05E-05,44.490096,-74.2991975,
14808,14808,1148,0.226115653,5-Digit ZCTA,1147,Z5,0.000807676,42.554589,-77.4685385,591
14701,14701,1410,1.174603171,5-Digit ZCTA,1409,Z5,0.025839175,42.10408708,-79.2520345,40730
119HH,119HH,2442,4.553949657,5-Digit ZCTA,2441,Z5,0.030474648,40.93908019,-72.5119195,
13810,13810,1080,0.786038466,5-Digit ZCTA,1079,Z5,0.011289277,42.607015,-75.120721,1149
12720,12720,1637,0.127717871,5-Digit ZCTA,1636,Z5,0.000457933,41.6789805,-74.8707725,172
11370,11370,1987,0.05717721,5-Digit ZCTA,1986,Z5,0.000178577,40.79208,-73.8820845,39688
12185,12185,891,0.419245159,5-Digit ZCTA,890,Z5,0.003478083,42.864069,-73.520253,
121HH,121HH,392,0.13739568,5-Digit ZCTA,391,Z5,0.00021947,43.6234595,-74.374676,
144HH,144HH,571,0.261885791,5-Digit ZCTA,570,Z5,5.03E-05,43.2121605,-77.9347855,
12008,12008,930,0.110620443,5-Digit ZCTA,929,Z5,0.000232627,42.850626,-73.914368,497
10115,10115,1971,0.003538992,5-Digit ZCTA,1970,Z5,7.48E-07,40.8109,-73.963755,
11004,11004,2054,0.083583279,5-Digit ZCTA,2053,Z5,0.000292136,40.744514,-73.7107755,14016
148HH,148HH,1528,0.148747346,5-Digit ZCTA,1527,Z5,5.44E-05,42.0197662,-76.454254,
13142,13142,414,0.626117508,5-Digit ZCTA,413,Z5,0.012116976,43.5235415,-76.13909284,
14223,14223,819,0.158938736,5-Digit ZCTA,818,Z5,0.00099778,42.974607,-78.848107,22665
10460,10460,1924,0.114038212,5-Digit ZCTA,1923,Z5,0.000454366,40.8451335,-73.8802045,57311
11234,11234,2180,0.037724909,5-Digit ZCTA,2179,Z5,7.94E-05,40.634599,-73.850742,
11561,11561,2427,0.235338118,5-Digit ZCTA,2426,Z5,0.000967547,40.5893035,-73.652615,37280
14544,14544,984,0.62131217,5-Digit ZCTA,983,Z5,0.007971127,42.759611,-77.239467,2101
11212,11212,2143,0.084136153,5-Digit ZCTA,2142,Z5,0.000413274,40.664312,-73.9153795,84500
13126,13126,2268,0.623912181,5-Digit ZCTA,2267,Z5,0.011427462,43.404395,-76.54124345,37205
12481,12481,1550,0.22217001,5-Digit ZCTA,1549,Z5,0.001783012,41.9759515,-74.210471,1356
142HH,142HH,2297,0.245950518,5-Digit ZCTA,2296,Z5,0.000101158,42.86683107,-78.85809249,
121HH,121HH,435,0.257258951,5-Digit ZCTA,434,Z5,0.000699592,43.484564,-74.360066,
14303,14303,729,0.026065469,5-Digit ZCTA,728,Z5,3.04E-05,43.080955,-79.0678165,107
11964,11964,1822,0.289763853,5-Digit ZCTA,1821,Z5,0.001895237,41.055147,-72.313446,1858
10963,10963,1695,0.371616348,5-Digit ZCTA,1694,Z5,0.003886791,41.4643085,-74.5373355,4298
14092,14092,2287,0.428990448,5-Digit ZCTA,2286,Z5,0.005791592,43.1793545,-78.988115,
14711,14711,1287,0.627475963,5-Digit ZCTA,1286,Z5,0.009153583,42.3292865,-78.162609,
11702,11702,2174,0.037765355,5-Digit ZCTA,2173,Z5,4.80E-05,40.6376,-73.3629155,
12814,12814,377,0.786095353,5-Digit ZCTA,376,Z5,0.013852189,43.596999,-73.6406215,
14220,14220,2299,0.163608973,5-Digit ZCTA,2298,Z5,0.001031109,42.845658,-78.818905,24227
12603,12603,1626,0.875253619,5-Digit ZCTA,1625,Z5,0.009659659,41.676643,-73.8619225,42810
13740,13740,1331,0.475181273,5-Digit ZCTA,1330,Z5,0.010402263,42.272012,-74.749634,554
106HH,106HH,1827,0.012161377,5-Digit ZCTA,1826,Z5,8.98E-06,41.0749655,-73.764703,
14905,14905,1483,0.168900705,5-Digit ZCTA,1482,Z5,0.001122103,42.091724,-76.8376795,9070
11726,11726,2123,0.134966156,5-Digit ZCTA,2122,Z5,0.000662418,40.6782495,-73.3942165,19857
11220,11220,2405,0.106625521,5-Digit ZCTA,2404,Z5,0.000483452,40.6405605,-74.0169055,99598
13841,13841,1221,0.39612892,5-Digit ZCTA,1220,Z5,0.002578885,42.424058,-75.831032,529
13495,13495,685,0.121112091,5-Digit ZCTA,684,Z5,0.000427458,43.113169,-75.27401,2144
13492,13492,653,0.33145111,5-Digit ZCTA,652,Z5,0.003907289,43.120419,-75.3277125,11596
145HH,145HH,567,0.130265196,5-Digit ZCTA,566,Z5,0.000224967,43.2000405,-77.5265695,
12727,12727,1653,0.073023646,5-Digit ZCTA,1652,Z5,9.04E-05,41.658733,-74.9777755,
10950,10950,1724,0.886983079,5-Digit ZCTA,1723,Z5,0.010789635,41.321617,-74.2008325,47226
11374,11374,2087,0.073264299,5-Digit ZCTA,2086,Z5,0.000240391,40.723251,-73.861423,43600
12916,12916,31,1.000295063,5-Digit ZCTA,30,Z5,0.011989578,44.836459,-74.517255,
12944,12944,117,0.863245232,5-Digit ZCTA,116,Z5,0.023322781,44.441579,-73.5211645,
13694,13694,47,0.589721282,5-Digit ZCTA,46,Z5,0.005789823,44.8474375,-75.167788,
12169,12169,1127,0.21691418,5-Digit ZCTA,1126,Z5,0.001940365,42.5868275,-73.441348,306
11935,11935,2316,0.468679247,5-Digit ZCTA,2315,Z5,0.002942489,41.0158907,-72.4811465,3304
11959,11959,1937,0.159519343,5-Digit ZCTA,1936,Z5,0.000969441,40.8258655,-72.60057,
14120,14120,774,0.026923511,5-Digit ZCTA,773,Z5,3.54E-05,43.029006,-78.885309,45100
105HH,105HH,1714,1.360432979,5-Digit ZCTA,1713,Z5,0.006945329,41.223097,-73.9244315,
138HH,138HH,1494,0.217066457,5-Digit ZCTA,1493,Z5,8.27E-05,42.086674,-76.062096,
13126,13126,431,0.727751648,5-Digit ZCTA,430,Z5,0.017422223,43.4451245,-76.3970725,
11754,11754,2356,0.227649298,5-Digit ZCTA,2355,Z5,0.001903169,40.887537,-73.2497855,18958
11020,11020,1999,0.120830716,5-Digit ZCTA,1998,Z5,0.00052965,40.770561,-73.712204,5914
12759,12759,1613,0.153975576,5-Digit ZCTA,1612,Z5,0.000983118,41.7695835,-74.661835,
14740,14740,1369,0.540792698,5-Digit ZCTA,1368,Z5,0.006163321,42.2177235,-79.1746035,1431
11557,11557,2160,0.156533678,5-Digit ZCTA,2159,Z5,0.000584333,40.636703,-73.6944745,
12042,12042,1235,0.312501415,5-Digit ZCTA,1234,Z5,0.003739815,42.4160735,-73.932763,
11368,11368,2033,0.140991485,5-Digit ZCTA,2032,Z5,0.000691098,40.748652,-73.8528345,109931
13734,13734,1450,0.795783591,5-Digit ZCTA,1449,Z5,0.01164518,42.0832765,-76.398511,2287
10035,10035,1972,0.062037941,5-Digit ZCTA,1971,Z5,0.000155667,40.8017295,-73.939207,33969
11554,11554,2070,0.201305213,5-Digit ZCTA,2069,Z5,0.001734279,40.7225005,-73.557509,38132
13622,13622,276,0.043741948,5-Digit ZCTA,275,Z5,5.62E-05,44.019721,-76.178181,2432
14747,14747,1403,0.727581319,5-Digit ZCTA,1402,Z5,0.012686198,42.153462,-79.085195,2289
13062,13062,1197,0.048154693,5-Digit ZCTA,1196,Z5,7.07E-05,42.4878765,-76.3789305,173
12193,12193,1156,0.602150084,5-Digit ZCTA,1155,Z5,0.011130955,42.5034355,-74.043392,2016
13486,13486,512,0.033389333,5-Digit ZCTA,511,Z5,6.97E-05,43.3005835,-75.4087595,
110HH,110HH,1974,0.077777183,5-Digit ZCTA,1973,Z5,0.000175603,40.79441877,-73.75737401,
14571,14571,482,0.628816002,5-Digit ZCTA,481,Z5,0.004608087,43.3375996,-78.249246,1176
14055,14055,1139,0.570902196,5-Digit ZCTA,1138,Z5,0.007554925,42.5510215,-78.6070805,1405
14513,14513,637,0.759462726,5-Digit ZCTA,636,Z5,0.014233155,43.071817,-77.097574,13976
136HH,136HH,24,1.31049279,5-Digit ZCTA,23,Z5,0.000931843,44.8091325,-74.872953,
11713,11713,1979,0.210929057,5-Digit ZCTA,1978,Z5,0.001425767,40.77169,-72.9379255,10401
11795,11795,2082,0.189496504,5-Digit ZCTA,2081,Z5,0.001581877,40.7129445,-73.2961805,26030
14414,14414,865,0.722832623,5-Digit ZCTA,864,Z5,0.011010036,42.8921905,-77.747333,
10532,10532,1811,0.15340971,5-Digit ZCTA,1810,Z5,0.000471799,41.0979545,-73.8067325,4931
13202,13202,753,0.069185939,5-Digit ZCTA,752,Z5,0.000299035,43.044166,-76.150696,5438
12406,12406,1425,0.598611864,5-Digit ZCTA,1424,Z5,0.01059069,42.1088885,-74.553325,823
133HH,133HH,679,1.705504641,5-Digit ZCTA,678,Z5,0.000746069,43.0124235,-74.7589435,
12819,12819,370,0.834149539,5-Digit ZCTA,369,Z5,0.012270502,43.614545,-73.511954,403
11693,11693,2249,0.03724622,5-Digit ZCTA,2248,Z5,8.71E-05,40.5921175,-73.838465,
137HH,137HH,1559,0.434894167,5-Digit ZCTA,1558,Z5,0.000158002,41.89703635,-75.22369325,
12154,12154,868,0.034591891,5-Digit ZCTA,867,Z5,3.02E-05,42.9326145,-73.6562805,2818
14623,14623,693,0.369729126,5-Digit ZCTA,692,Z5,0.004603219,43.089874,-77.6376245,
13827,13827,1491,0.402317369,5-Digit ZCTA,1490,Z5,0.00632427,42.05113309,-76.24423632,11759
11559,11559,2411,0.311098247,5-Digit ZCTA,2410,Z5,0.001122457,40.614538,-73.7161255,
14091,14091,1149,0.678371536,5-Digit ZCTA,1148,Z5,0.006158032,42.5438525,-78.882879,1079
129HH,129HH,95,0.110495939,5-Digit ZCTA,94,Z5,0.000102325,44.6104745,-74.4471805,
12791,12791,1593,0.270123704,5-Digit ZCTA,1592,Z5,0.001107514,41.81176,-74.8894825,737
115HH,115HH,2366,0.184027958,5-Digit ZCTA,2365,Z5,0.000441044,40.8324995,-73.65353207,
11547,11547,1940,0.057832887,5-Digit ZCTA,1939,Z5,0.000115901,40.8303495,-73.6411725,793
14127,14127,974,0.612964037,5-Digit ZCTA,973,Z5,0.011317876,42.7434895,-78.741102,29961
14456,14456,922,0.318153933,5-Digit ZCTA,921,Z5,0.00372404,42.830623,-76.9109135,20087
13618,13618,2260,0.825079879,5-Digit ZCTA,2259,Z5,0.018847477,44.12775143,-76.2477758,1711
145HH,145HH,1098,0.187697825,5-Digit ZCTA,1097,Z5,0.001001643,42.6154785,-77.077704,
11568,11568,1957,0.26952561,5-Digit ZCTA,1956,Z5,0.002206682,40.7897995,-73.596765,4555
13148,13148,794,0.583311194,5-Digit ZCTA,793,Z5,0.008873599,42.9632765,-76.7909115,
14748,14748,1430,0.550419286,5-Digit ZCTA,1429,Z5,0.002335999,42.1251745,-78.6356005,
14101,14101,1237,0.674733333,5-Digit ZCTA,1236,Z5,0.011253069,42.3876355,-78.5446535,1905
13323,13323,708,0.676925883,5-Digit ZCTA,707,Z5,0.011405808,43.0363795,-75.381614,11323
11692,11692,2426,0.115473637,5-Digit ZCTA,2425,Z5,0.000274947,40.59417553,-73.7880817,18540
130HH,130HH,466,0.456535283,5-Digit ZCTA,465,Z5,0.000442301,43.322964,-76.4119125,
12173,12173,1247,0.407985063,5-Digit ZCTA,1246,Z5,0.003872731,42.3714715,-73.7547625,1753
12748,12748,1595,0.417753755,5-Digit ZCTA,1594,Z5,0.005080955,41.779263,-74.9212155,2076
12064,12064,1093,0.39402806,5-Digit ZCTA,1092,Z5,0.002610291,42.603233,-74.664203,563
11234,11234,2192,0.055978775,5-Digit ZCTA,2191,Z5,0.000133275,40.623399,-73.853692,
133XX,133XX,344,0.090725104,5-Digit ZCTA,343,Z5,0.000363157,43.7636625,-75.7438985,
14706,14706,1396,0.764898558,5-Digit ZCTA,1395,Z5,0.013151621,42.1504675,-78.5477345,
11569,11569,2185,0.062280651,5-Digit ZCTA,2184,Z5,8.41E-05,40.6269025,-73.5940705,
12076,12076,1211,0.908024726,5-Digit ZCTA,1210,Z5,0.019430109,42.4162945,-74.3779905,1500
125HH,125HH,1606,1.074876747,5-Digit ZCTA,1605,Z5,0.000472175,41.6571545,-74.163669,
14213,14213,870,0.117633731,5-Digit ZCTA,869,Z5,0.000596645,42.917457,-78.889158,
12996,12996,203,0.120881436,5-Digit ZCTA,202,Z5,0.000878664,44.292801,-73.4257715,2086
11954,11954,2314,0.450394954,5-Digit ZCTA,2313,Z5,0.005653218,41.03995304,-71.95359614,3326
12561,12561,1592,0.723714767,5-Digit ZCTA,1591,Z5,0.00983483,41.7549445,-74.0702045,
13090,13090,600,0.475466953,5-Digit ZCTA,599,Z5,0.004358059,43.152317,-76.2136985,30124
14420,14420,524,0.55646303,5-Digit ZCTA,523,Z5,0.008742881,43.2507605,-77.924629,
14843,14843,1257,1.369041505,5-Digit ZCTA,1256,Z5,0.02739861,42.3055715,-77.627517,13043
14138,14138,1215,0.973483183,5-Digit ZCTA,1214,Z5,0.01553267,42.38055,-79.068705,2018
129HH,129HH,182,0.807739717,5-Digit ZCTA,181,Z5,0.002496397,44.290824,-74.341057,
129HH,129HH,138,0.155702312,5-Digit ZCTA,137,Z5,0.000222197,44.478934,-74.1592765,
11566,11566,2224,0.06251788,5-Digit ZCTA,2223,Z5,0.000190836,40.608902,-73.5428215,
12419,12419,1578,0.103914723,5-Digit ZCTA,1577,Z5,0.000295283,41.851474,-74.1083295,722
14167,14167,994,0.537871414,5-Digit ZCTA,993,Z5,0.009663697,42.7444045,-78.3187235,1663
14482,14482,760,0.956350584,5-Digit ZCTA,759,Z5,0.018987431,42.9602685,-77.969946,8275
10004,10004,2394,0.031335653,5-Digit ZCTA,2393,Z5,4.31E-05,40.69456191,-74.04265564,
13147,13147,949,0.644885387,5-Digit ZCTA,948,Z5,0.010372017,42.7702965,-76.5658815,1281
13783,13783,1557,0.504712382,5-Digit ZCTA,1556,Z5,0.00779871,41.9114,-75.2192065,
12957,12957,36,0.685025254,5-Digit ZCTA,35,Z5,0.010402502,44.8294975,-74.568211,1726
133XX,133XX,388,0.060506847,5-Digit ZCTA,387,Z5,9.85E-05,43.649898,-75.6632005,
11780,11780,1876,0.036167136,5-Digit ZCTA,1875,Z5,3.93E-05,40.918202,-73.1593145,15524
12072,12072,852,0.770692658,5-Digit ZCTA,851,Z5,0.013437958,42.873447,-74.3668475,2890
12919,12919,6,0.705584279,5-Digit ZCTA,5,Z5,0.011306384,44.961107,-73.4386825,3037
11971,11971,1814,0.531001697,5-Digit ZCTA,1813,Z5,0.003203795,41.06374128,-72.42903718,5818
13437,13437,427,0.02756574,5-Digit ZCTA,426,Z5,3.76E-05,43.528335,-75.8441465,
125HH,125HH,1614,0.192854858,5-Digit ZCTA,1613,Z5,4.80E-05,41.753629,-73.8168025,
13669,13669,64,0.162119744,5-Digit ZCTA,63,Z5,0.000273286,44.7683065,-75.391074,16452
109XX,109XX,1727,0.132070093,5-Digit ZCTA,1726,Z5,0.00039101,41.3962875,-73.992379,
12866,12866,643,1.347771008,5-Digit ZCTA,642,Z5,0.018534578,43.0611745,-73.754286,36915
11706,11706,2447,0.028040962,5-Digit ZCTA,2446,Z5,3.91E-05,40.656587,-73.198592,62543
12780,12780,1698,0.552863465,5-Digit ZCTA,1697,Z5,0.008069224,41.4464715,-74.686013,
13114,13114,429,0.837226821,5-Digit ZCTA,428,Z5,0.017735783,43.463141,-76.23947,
117HH,117HH,2445,3.283001689,5-Digit ZCTA,2444,Z5,0.029943552,40.693272,-73.135275,
13060,13060,746,0.548380458,5-Digit ZCTA,745,Z5,0.004224574,43.031263,-76.4161645,2806
12959,12959,8,0.584874297,5-Digit ZCTA,7,Z5,0.012460387,44.957926,-73.695676,1369
14113,14113,1052,0.476887023,5-Digit ZCTA,1051,Z5,0.005049401,42.661071,-78.349381,703
120HH,120HH,632,0.064896579,5-Digit ZCTA,631,Z5,0.00011765,43.15443,-74.0193565,
11231,11231,2398,0.103396401,5-Digit ZCTA,2397,Z5,0.000565558,40.67327293,-74.00438495,33336
11948,11948,2326,0.172382009,5-Digit ZCTA,2325,Z5,0.000758944,40.9660395,-72.5590375,1123
12528,12528,1611,0.589263249,5-Digit ZCTA,1610,Z5,0.012347164,41.704167,-74.0055075,13344
10271,10271,2389,0.003829416,5-Digit ZCTA,2388,Z5,7.88E-07,40.7086775,-74.0104185,
14739,14739,1349,1.190068913,5-Digit ZCTA,1348,Z5,0.021914194,42.1903065,-78.1645395,2903
13078,13078,778,0.660720171,5-Digit ZCTA,777,Z5,0.011636408,42.963612,-76.058947,9866
13363,13363,470,0.414183467,5-Digit ZCTA,469,Z5,0.006089647,43.3342885,-75.514982,2315
133HH,133HH,461,0.11990012,5-Digit ZCTA,460,Z5,3.17E-05,43.3983545,-75.1518005,
12164,12164,393,0.924513317,5-Digit ZCTA,392,Z5,0.010548636,43.553766,-74.3694015,365
12440,12440,1583,0.250530646,5-Digit ZCTA,1582,Z5,0.000882308,41.8291865,-74.1500895,1980
14214,14214,834,0.213364685,5-Digit ZCTA,833,Z5,0.000894316,42.939407,-78.843757,19775
11742,11742,1945,0.215006678,5-Digit ZCTA,1944,Z5,0.001382912,40.810874,-73.0457925,13261
148HH,148HH,1147,0.522571005,5-Digit ZCTA,1146,Z5,0.002336691,42.490422,-77.152147,
12719,12719,1691,0.423734523,5-Digit ZCTA,1690,Z5,0.004906992,41.4838335,-74.9220825,1207
14221,14221,781,0.444863314,5-Digit ZCTA,780,Z5,0.006526778,42.9863575,-78.7262025,53555
133HH,133HH,351,0.17592171,5-Digit ZCTA,350,Z5,0.000433919,43.7503595,-74.7464295,
14009,14009,1071,1.021404426,5-Digit ZCTA,1070,Z5,0.02141347,42.5857405,-78.3865045,5672
129XX,129XX,86,2.392317834,5-Digit ZCTA,85,Z5,0.046695526,44.4609115,-74.4346115,
138HH,138HH,1482,0.070946481,5-Digit ZCTA,1481,Z5,3.56E-05,42.102175,-75.963342,
14779,14779,1437,0.752348554,5-Digit ZCTA,1436,Z5,0.013900814,42.082575,-78.760118,6932
10527,10527,1743,0.134563924,5-Digit ZCTA,1742,Z5,0.000738344,41.319424,-73.760826,908
136XX,136XX,224,1.168917386,5-Digit ZCTA,223,Z5,0.042120185,44.136483,-75.5746715,
12567,12567,1517,0.727360475,5-Digit ZCTA,1516,Z5,0.013856538,41.9880765,-73.658464,2854
14418,14418,1088,0.69899582,5-Digit ZCTA,1087,Z5,0.011460821,42.59969,-77.221521,1325
14736,14736,1431,0.226091232,5-Digit ZCTA,1430,Z5,0.0014166,42.13772652,-79.741902,282
119HH,119HH,2348,0.218457971,5-Digit ZCTA,2347,Z5,0.000430091,40.905004,-72.3311435,
147HH,147HH,1371,0.736824131,5-Digit ZCTA,1370,Z5,0.005821517,42.1796955,-79.373989,
11729,11729,1998,0.195141737,5-Digit ZCTA,1997,Z5,0.001745029,40.762748,-73.3226935,28032
12974,12974,258,0.339549932,5-Digit ZCTA,257,Z5,0.00239193,44.0471715,-73.479394,1599
11944,11944,2441,0.266868646,5-Digit ZCTA,2440,Z5,0.001159901,41.10512424,-72.374232,4299
13681,13681,134,0.422086358,5-Digit ZCTA,133,Z5,0.003562726,44.4501555,-75.40105,897
131HH,131HH,407,0.46485587,5-Digit ZCTA,406,Z5,0.000296415,43.565504,-76.1210295,
12771,12771,1720,0.577569572,5-Digit ZCTA,1719,Z5,0.009431458,41.370998,-74.640724,14511
12569,12569,1610,0.281558173,5-Digit ZCTA,1609,Z5,0.002267302,41.762455,-73.8245445,9826
14783,14783,1456,0.533001197,5-Digit ZCTA,1455,Z5,0.004558891,42.090887,-78.866541,320
13485,13485,967,0.646280947,5-Digit ZCTA,966,Z5,0.009618761,42.7665215,-75.331097,1132
13622,13622,238,0.891264676,5-Digit ZCTA,237,Z5,0.015578372,44.1033795,-76.108242,
11753,11753,1970,0.18848541,5-Digit ZCTA,1969,Z5,0.001142363,40.793195,-73.542357,12014
14620,14620,652,0.182795484,5-Digit ZCTA,651,Z5,0.001302835,43.130313,-77.6081735,25141
129HH,129HH,230,0.896732894,5-Digit ZCTA,229,Z5,0.003118928,44.1668655,-74.8478045,
13662,13662,21,0.679790728,5-Digit ZCTA,20,Z5,0.005537847,44.9183755,-74.8555405,
10917,10917,1742,0.173522653,5-Digit ZCTA,1741,Z5,0.001004125,41.3233275,-74.123078,1968
10030,10030,1958,0.035880153,5-Digit ZCTA,1957,Z5,8.26E-05,40.8180675,-73.94352,26999
13613,13613,33,0.057102418,5-Digit ZCTA,32,Z5,0.000183996,44.9336895,-74.727458,2726
12845,12845,438,0.855664029,5-Digit ZCTA,437,Z5,0.013934165,43.4200645,-73.7188295,
130HH,130HH,833,0.215943537,5-Digit ZCTA,832,Z5,0.000948444,42.916183,-76.7221585,
11363,11363,2002,0.063454448,5-Digit ZCTA,2001,Z5,0.000257915,40.7725175,-73.74394,6988
10005,10005,2388,0.035463145,5-Digit ZCTA,2387,Z5,2.43E-05,40.705387,-74.009325,7135
10526,10526,1760,0.251948876,5-Digit ZCTA,1759,Z5,0.000968017,41.2888015,-73.655621,
12945,12945,158,1.309546955,5-Digit ZCTA,157,Z5,0.010389382,44.3479555,-74.2468495,638
14420,14420,573,0.436695853,5-Digit ZCTA,572,Z5,0.00810273,43.1771705,-77.9350615,20467
10930,10930,1729,0.378279106,5-Digit ZCTA,1728,Z5,0.004236995,41.361759,-74.1188355,8958
14787,14787,2309,0.656243966,5-Digit ZCTA,2308,Z5,0.011304412,42.30749562,-79.5727235,5121
10019,10019,2015,0.074447299,5-Digit ZCTA,2014,Z5,0.000199381,40.765944,-73.9849525,42870
11428,11428,2094,0.073218888,5-Digit ZCTA,2093,Z5,0.000232062,40.720238,-73.742555,19168
130HH,130HH,991,0.086857495,5-Digit ZCTA,990,Z5,0.00022641,42.787425,-76.279903,
14228,14228,723,0.444746747,5-Digit ZCTA,722,Z5,0.004822585,43.038507,-78.764255,
127HH,127HH,1663,0.06094254,5-Digit ZCTA,1662,Z5,0.000137604,41.6184215,-74.5641465,
13159,13159,900,1.007549035,5-Digit ZCTA,899,Z5,0.021469139,42.8075785,-76.123596,5184
14225,14225,849,0.401160089,5-Digit ZCTA,848,Z5,0.003627678,42.925308,-78.748003,33385
12205,12205,1018,0.419641923,5-Digit ZCTA,1017,Z5,0.004054872,42.716928,-73.8151155,26977
10509,10509,1701,0.578176114,5-Digit ZCTA,1700,Z5,0.011198005,41.417429,-73.59707319,19507
12134,12134,570,0.22356222,5-Digit ZCTA,569,Z5,0.000228836,43.1984785,-74.074096,3516
134HH,134HH,405,0.304780847,5-Digit ZCTA,404,Z5,0.000117085,43.565026,-75.3332425,
11552,11552,2109,0.177892479,5-Digit ZCTA,2108,Z5,0.001109268,40.6909515,-73.6501735,23616
144HH,144HH,921,0.226526205,5-Digit ZCTA,920,Z5,0.002449656,42.8389315,-76.9589915,
11367,11367,2079,0.113871309,5-Digit ZCTA,2078,Z5,0.00051106,40.729463,-73.820712,41047
12837,12837,410,0.44183526,5-Digit ZCTA,409,Z5,0.005245697,43.50969809,-73.279357,857
10462,10462,1927,0.109345225,5-Digit ZCTA,1926,Z5,0.000407542,40.8426705,-73.8559535,75784
13214,13214,752,0.148909423,5-Digit ZCTA,751,Z5,0.000986762,43.039466,-76.0723435,8793
13324,13324,447,1.466698761,5-Digit ZCTA,446,Z5,0.03310264,43.33824,-74.953437,2149
13655,13655,14,0.269301378,5-Digit ZCTA,13,Z5,0.002575391,44.97962004,-74.62022097,3512
12086,12086,825,0.134858786,5-Digit ZCTA,824,Z5,0.000508661,42.96807,-74.155502,1865
13208,13208,717,0.16338907,5-Digit ZCTA,716,Z5,0.001097132,43.0747665,-76.145346,22854
14063,14063,1220,0.873239817,5-Digit ZCTA,1219,Z5,0.014916497,42.407078,-79.32386433,14870
137HH,137HH,1418,0.290102998,5-Digit ZCTA,1417,Z5,0.000150575,42.1561895,-75.611141,
12760,12760,1549,0.76757691,5-Digit ZCTA,1548,Z5,0.016056989,41.91062064,-75.092847,482
14203,14203,2298,0.252748451,5-Digit ZCTA,2297,Z5,0.000789388,42.85470093,-78.86139115,
12461,12461,1556,0.50356354,5-Digit ZCTA,1555,Z5,0.008897667,41.9099755,-74.268062,1634
10170,10170,2060,0.007126038,5-Digit ZCTA,2059,Z5,2.77E-06,40.7528615,-73.976096,
12887,12887,368,0.616646266,5-Digit ZCTA,367,Z5,0.004247401,43.6275975,-73.444507,4972
12407,12407,1296,0.505706359,5-Digit ZCTA,1295,Z5,0.006016932,42.3227215,-74.3356315,173
13478,13478,589,0.594606456,5-Digit ZCTA,588,Z5,0.009270219,43.1499195,-75.583918,3083
12137,12137,889,0.507297134,5-Digit ZCTA,888,Z5,0.005812918,42.8644365,-74.131732,1679
10705,10705,1869,0.132936332,5-Digit ZCTA,1868,Z5,0.000593833,40.9208155,-73.8909525,38777
13607,13607,189,0.320861008,5-Digit ZCTA,188,Z5,0.001025407,44.297311,-75.958323,1822
11783,11783,2097,0.23892515,5-Digit ZCTA,2096,Z5,0.001083001,40.6734695,-73.4932195,21288
13438,13438,456,1.506683167,5-Digit ZCTA,455,Z5,0.027833323,43.341657,-75.138724,
14839,14839,1420,0.83344801,5-Digit ZCTA,1419,Z5,0.011875095,42.1397735,-77.629819,793
10524,10524,1721,0.364849697,5-Digit ZCTA,1720,Z5,0.005575371,41.372114,-73.9314855,4421
13668,13668,59,0.460814101,5-Digit ZCTA,58,Z5,0.005104556,44.760635,-74.947433,
11901,11901,2349,0.490097058,5-Digit ZCTA,2348,Z5,0.006177044,40.8819465,-72.643395,27172
13801,13801,1132,0.928367469,5-Digit ZCTA,1131,Z5,0.017431328,42.5019,-75.7793035,1398
10033,10033,1910,0.115435671,5-Digit ZCTA,1909,Z5,0.000216063,40.850503,-73.937388,53926
13664,13664,101,0.075186434,5-Digit ZCTA,100,Z5,0.000189956,44.584942,-75.6481065,399
11566,11566,2200,0.03164911,5-Digit ZCTA,2199,Z5,4.78E-05,40.623102,-73.527371,
11362,11362,2019,0.115524591,5-Digit ZCTA,2018,Z5,0.000533491,40.7568075,-73.734856,17823
121HH,121HH,450,0.386051205,5-Digit ZCTA,449,Z5,0.001288356,43.4085535,-74.5522795,
13424,13424,615,0.264874629,5-Digit ZCTA,614,Z5,0.003419906,43.151219,-75.3693145,2725
13615,13615,279,0.082344402,5-Digit ZCTA,278,Z5,0.000272418,44.007406,-75.9767935,1271
13368,13368,399,0.151527514,5-Digit ZCTA,398,Z5,0.00063733,43.609486,-75.3306915,1118
12790,12790,1647,0.748138998,5-Digit ZCTA,1646,Z5,0.020062028,41.5945845,-74.525729,4518
12043,12043,1010,0.954892834,5-Digit ZCTA,1009,Z5,0.018485789,42.707164,-74.5277895,8509
12434,12434,1278,0.329689393,5-Digit ZCTA,1277,Z5,0.00272364,42.355011,-74.4940325,751
13787,13787,1347,0.946639345,5-Digit ZCTA,1346,Z5,0.016361973,42.2074335,-75.676368,
128XX,128XX,373,0.419553375,5-Digit ZCTA,372,Z5,0.00145668,43.6171475,-74.1242035,
10962,10962,1826,0.09148365,5-Digit ZCTA,1825,Z5,0.000235429,41.068296,-73.9809825,5950
14590,14590,2275,0.798472786,5-Digit ZCTA,2274,Z5,0.018599459,43.2415128,-76.844259,
13167,13167,483,0.040372277,5-Digit ZCTA,482,Z5,5.49E-05,43.3676895,-76.072855,3342
11752,11752,2016,0.156928066,5-Digit ZCTA,2015,Z5,0.001048045,40.756954,-73.173622,9531
14861,14861,1432,0.650413534,5-Digit ZCTA,1431,Z5,0.009181121,42.095346,-76.686511,1404
10514,10514,1788,0.346929065,5-Digit ZCTA,1787,Z5,0.003559568,41.1726295,-73.772243,11946
11579,11579,1930,0.070650324,5-Digit ZCTA,1929,Z5,0.000301525,40.844465,-73.6425225,5055
12075,12075,1298,0.852070152,5-Digit ZCTA,1297,Z5,0.010641981,42.308456,-73.6109125,3418
11210,11210,2175,0.08938599,5-Digit ZCTA,2174,Z5,0.000443229,40.625218,-73.945662,62008
10004,10004,2391,0.037962027,5-Digit ZCTA,2390,Z5,2.98E-05,40.7040405,-74.0115835,3089
128HH,128HH,386,0.466513348,5-Digit ZCTA,385,Z5,0.000572759,43.597444,-73.44371834,
10975,10975,1766,0.16570133,5-Digit ZCTA,1765,Z5,0.000920926,41.256918,-74.1648585,281
14013,14013,678,0.574376185,5-Digit ZCTA,677,Z5,0.011235911,43.07544,-78.4082455,1751
13209,13209,676,0.547572274,5-Digit ZCTA,675,Z5,0.004062709,43.0891165,-76.2612505,13243
14441,14441,1061,0.065194908,5-Digit ZCTA,1060,Z5,0.00011758,42.689764,-76.9559635,325
11569,11569,2234,0.033870053,5-Digit ZCTA,2233,Z5,6.52E-05,40.608103,-73.5911725,
14816,14816,1401,0.316678291,5-Digit ZCTA,1400,Z5,0.001510089,42.1819665,-76.7348505,520
12828,12828,533,0.028416134,5-Digit ZCTA,532,Z5,2.89E-05,43.262056,-73.586935,9448
11572,11572,2222,0.024546274,5-Digit ZCTA,2221,Z5,2.92E-05,40.613403,-73.656474,30574
148HH,148HH,1107,0.633576806,5-Digit ZCTA,1106,Z5,0.005869305,42.532737,-76.595519,
130HH,130HH,928,0.064840015,5-Digit ZCTA,927,Z5,9.72E-05,42.8603535,-75.6980285,
12430,12430,1364,0.534704728,5-Digit ZCTA,1363,Z5,0.011679498,42.2032625,-74.505956,1194
12944,12944,133,0.029228687,5-Digit ZCTA,132,Z5,5.05E-05,44.499906,-73.3776835,
11357,11357,1985,0.128912065,5-Digit ZCTA,1984,Z5,0.000764979,40.786697,-73.8102245,39150
11776,11776,1868,0.238159776,5-Digit ZCTA,1867,Z5,0.002012493,40.912986,-73.0445085,24235
11738,11738,1929,0.248320358,5-Digit ZCTA,1928,Z5,0.001451401,40.836546,-73.03944,17638
12067,12067,1130,0.53357744,5-Digit ZCTA,1129,Z5,0.006287256,42.549743,-73.9236,1506
12986,12986,218,0.565212535,5-Digit ZCTA,217,Z5,0.003063666,44.238345,-74.333695,
11024,11024,2372,0.133414473,5-Digit ZCTA,2371,Z5,0.000874085,40.81536811,-73.73958458,8002
127HH,127HH,1576,0.085434985,5-Digit ZCTA,1575,Z5,2.34E-05,41.859661,-75.15637735,
12534,12534,1328,0.021370648,5-Digit ZCTA,1327,Z5,2.52E-05,42.319116,-73.779014,17867
11510,11510,2137,0.195270891,5-Digit ZCTA,2136,Z5,0.001170268,40.6534015,-73.6081725,33048
13839,13839,1330,0.829414109,5-Digit ZCTA,1329,Z5,0.012691635,42.247519,-75.2598705,1405
13739,13739,1231,0.638871104,5-Digit ZCTA,1230,Z5,0.012031373,42.377056,-74.7929275,953
120HH,120HH,1028,0.167614167,5-Digit ZCTA,1027,Z5,8.22E-05,42.7192315,-74.31771,
109HH,109HH,1699,0.168464124,5-Digit ZCTA,1698,Z5,3.90E-05,41.475095,-74.2853205,
12810,12810,424,0.919585703,5-Digit ZCTA,423,Z5,0.013652937,43.48272,-73.9629785,627
14083,14083,1076,0.025115172,5-Digit ZCTA,1075,Z5,3.78E-05,42.6769125,-78.4398605,
136HH,136HH,181,0.097073914,5-Digit ZCTA,180,Z5,0.000168812,44.3281415,-75.598651,
14612,14612,2277,0.521980861,5-Digit ZCTA,2276,Z5,0.005371009,43.253912,-77.66864484,
14047,14047,2303,0.35881927,5-Digit ZCTA,2302,Z5,0.003533964,42.68957045,-78.99493088,6440
138HH,138HH,1476,0.131681192,5-Digit ZCTA,1475,Z5,6.85E-05,42.0994315,-75.190785,
13617,13617,73,1.407729589,5-Digit ZCTA,72,Z5,0.02904548,44.5972055,-75.1015615,
14589,14589,527,0.622061525,5-Digit ZCTA,526,Z5,0.012193374,43.242657,-77.16687145,7854
10103,10103,2038,0.008426675,5-Digit ZCTA,2037,Z5,2.56E-06,40.7609115,-73.9778615,
13602,13602,250,0.528436221,5-Digit ZCTA,249,Z5,0.005962573,44.064008,-75.764091,3881
11355,11355,2035,0.114812589,5-Digit ZCTA,2034,Z5,0.000577635,40.7501285,-73.819765,85871
12777,12777,1668,0.863636394,5-Digit ZCTA,1667,Z5,0.015541868,41.5496465,-74.680584,764
134HH,134HH,413,0.062128001,5-Digit ZCTA,412,Z5,0.000157765,43.572427,-74.9966025,
13052,13052,961,0.740987529,5-Digit ZCTA,960,Z5,0.012923221,42.724205,-75.8518885,1679
14456,14456,851,0.95327482,5-Digit ZCTA,850,Z5,0.017851663,42.8525995,-77.0250785,
10923,10923,1792,0.033832666,5-Digit ZCTA,1791,Z5,5.09E-05,41.193437,-74.017717,
14901,14901,1523,0.079648136,5-Digit ZCTA,1522,Z5,0.000114139,42.053049,-76.769926,
12160,12160,1025,0.159031836,5-Digit ZCTA,1024,Z5,0.001272894,42.7293445,-74.304607,944
10152,10152,2046,0.004849913,5-Digit ZCTA,2045,Z5,1.19E-06,40.7586135,-73.9722425,
12534,12534,1306,1.253119155,5-Digit ZCTA,1305,Z5,0.024383647,42.2257145,-73.740916,
13354,13354,499,0.884404589,5-Digit ZCTA,498,Z5,0.014553219,43.25802,-75.279662,3342
137HH,137HH,1459,0.866362226,5-Digit ZCTA,1458,Z5,0.000868892,42.038918,-75.3569585,
11375,11375,2080,0.114962023,5-Digit ZCTA,2079,Z5,0.000730591,40.7241275,-73.8418835,68733
145HH,145HH,711,0.222372619,5-Digit ZCTA,710,Z5,6.96E-05,43.0787635,-77.5087185,
12911,12911,115,0.100178489,5-Digit ZCTA,114,Z5,0.000353805,44.5342455,-73.4696255,
12414,12414,1300,1.13176547,5-Digit ZCTA,1299,Z5,0.020861888,42.244629,-73.943168,10510
130HH,130HH,529,1.701364267,5-Digit ZCTA,528,Z5,0.001061097,43.17323,-76.2842725,
128HH,128HH,287,0.096671263,5-Digit ZCTA,286,Z5,0.0001404,43.9741005,-74.144868,
11105,11105,1994,0.101860603,5-Digit ZCTA,1993,Z5,0.000445987,40.778449,-73.906228,36688
110HH,110HH,2371,0.183498957,5-Digit ZCTA,2370,Z5,0.000615588,40.8166005,-73.72368064,
12309,12309,940,0.427460801,5-Digit ZCTA,939,Z5,0.005320817,42.794377,-73.8636665,29343
14172,14172,2436,0.572574238,5-Digit ZCTA,2435,Z5,0.006978525,43.2763729,-78.8275605,3200
11229,11229,2419,0.135733369,5-Digit ZCTA,2418,Z5,0.000605244,40.6003925,-73.939677,80018
10314,10314,2255,0.067879688,5-Digit ZCTA,2254,Z5,0.000203342,40.56727406,-74.20378142,
11793,11793,2181,0.026476794,5-Digit ZCTA,2180,Z5,4.05E-05,40.633251,-73.487351,
10992,10992,1707,0.395067274,5-Digit ZCTA,1706,Z5,0.003709126,41.4270275,-74.165023,9621
133HH,133HH,343,0.124009308,5-Digit ZCTA,342,Z5,0.000108977,43.7675115,-74.9008905,
10506,10506,1779,0.376045478,5-Digit ZCTA,1778,Z5,0.004843866,41.188678,-73.621798,5790
13832,13832,1046,0.750037459,5-Digit ZCTA,1045,Z5,0.006658452,42.6558605,-75.6689485,709
12427,12427,1415,0.517401899,5-Digit ZCTA,1414,Z5,0.01305282,42.1467815,-74.1354715,576
12918,12918,83,0.456864397,5-Digit ZCTA,82,Z5,0.006366812,44.6505455,-73.6777,
10926,10926,1752,0.629639968,5-Digit ZCTA,1751,Z5,0.005301128,41.2754345,-74.1225905,3203
13111,13111,2276,0.622677816,5-Digit ZCTA,2275,Z5,0.008014181,43.2604205,-76.620678,1700
134HH,134HH,446,0.06259174,5-Digit ZCTA,445,Z5,0.000103403,43.4512045,-75.5950725,
10706,10706,1848,0.164857614,5-Digit ZCTA,1847,Z5,0.00101641,40.9881275,-73.8636655,8679
12594,12594,1654,0.451009211,5-Digit ZCTA,1653,Z5,0.003267633,41.640925,-73.58543848,
13074,13074,2270,0.566489209,5-Digit ZCTA,2269,Z5,0.01087937,43.328978,-76.5472685,4488
129HH,129HH,162,0.023106744,5-Digit ZCTA,161,Z5,3.02E-05,44.3991865,-74.2868615,
121HH,121HH,923,0.215694502,5-Digit ZCTA,922,Z5,0.000700861,42.845489,-73.551194,
11937,11937,2315,0.720718626,5-Digit ZCTA,2314,Z5,0.011357629,40.99106712,-72.19930736,
14072,14072,750,0.397719193,5-Digit ZCTA,749,Z5,0.008218605,43.0110565,-78.95713935,20374
12787,12787,1607,0.027147124,5-Digit ZCTA,1606,Z5,4.58E-05,41.8071145,-74.8156795,452
14067,14067,581,0.507158837,5-Digit ZCTA,580,Z5,0.006001258,43.1621935,-78.562894,5040
12533,12533,1661,0.852417038,5-Digit ZCTA,1660,Z5,0.014130067,41.5489465,-73.7720135,25307
13165,13165,895,0.447694353,5-Digit ZCTA,894,Z5,0.007526045,42.857024,-76.872132,10741
112HH,112HH,2407,1.114492093,5-Digit ZCTA,2406,Z5,0.00309199,40.60820524,-73.912294,
14830,14830,1447,0.774919998,5-Digit ZCTA,1446,Z5,0.013601397,42.084334,-77.037553,19850
10022,10022,2031,0.058623284,5-Digit ZCTA,2030,Z5,0.000118094,40.7589745,-73.9679805,31924
14618,14618,672,0.268045753,5-Digit ZCTA,671,Z5,0.002747984,43.1153125,-77.558921,
13475,13475,920,0.061007899,5-Digit ZCTA,919,Z5,0.000197214,42.8648725,-74.85275,
11960,11960,1965,0.090959018,5-Digit ZCTA,1964,Z5,0.00035614,40.8079175,-72.705062,1084
14519,14519,2280,0.50999155,5-Digit ZCTA,2279,Z5,0.011611759,43.2276285,-77.308553,11581
12983,12983,177,0.632564471,5-Digit ZCTA,176,Z5,0.003188892,44.330565,-74.346673,
13654,13654,99,0.901944485,5-Digit ZCTA,98,Z5,0.015084995,44.547509,-75.484742,
14476,14476,477,0.494932091,5-Digit ZCTA,476,Z5,0.007754228,43.33049378,-78.030607,2288
13302,13302,420,0.999884406,5-Digit ZCTA,419,Z5,0.013827174,43.4867105,-75.9359155,1610
14572,14572,1085,1.210616676,5-Digit ZCTA,1084,Z5,0.022256329,42.5607885,-77.562854,5081
13662,13662,30,0.02355538,5-Digit ZCTA,29,Z5,2.43E-05,44.946684,-74.9939805,
14744,14744,1251,0.027844293,5-Digit ZCTA,1250,Z5,3.96E-05,42.4191385,-78.1529865,2094
136HH,136HH,288,0.035745095,5-Digit ZCTA,287,Z5,7.00E-05,43.96968338,-76.17824625,
13813,13813,1408,0.590869032,5-Digit ZCTA,1407,Z5,0.010019443,42.1566055,-75.5318465,977
10579,10579,1703,0.617484282,5-Digit ZCTA,1702,Z5,0.010112119,41.4042655,-73.8259525,8675
142HH,142HH,862,0.221601853,5-Digit ZCTA,861,Z5,0.000322755,42.911407,-78.89983684,
13658,13658,53,1.26011495,5-Digit ZCTA,52,Z5,0.023576282,44.7499305,-75.284219,2357
13342,13342,1078,0.300571054,5-Digit ZCTA,1077,Z5,0.00251656,42.6440085,-75.165341,165
12134,12134,505,0.519429861,5-Digit ZCTA,504,Z5,0.006642241,43.238274,-74.1416575,
11702,11702,2162,0.100551813,5-Digit ZCTA,2161,Z5,0.000215975,40.64193974,-73.349965,
12870,12870,307,1.006863997,5-Digit ZCTA,306,Z5,0.033378338,43.846302,-73.757475,1509
13142,13142,390,0.564963703,5-Digit ZCTA,389,Z5,0.008623033,43.5965795,-76.1271355,6451
13864,13864,1308,0.52678567,5-Digit ZCTA,1307,Z5,0.00664343,42.287609,-76.392383,1149
14510,14510,999,1.146867044,5-Digit ZCTA,998,Z5,0.021489806,42.694012,-77.883058,4895
12786,12786,1638,0.534576864,5-Digit ZCTA,1637,Z5,0.005737799,41.651285,-74.858421,665
13132,13132,572,0.027603978,5-Digit ZCTA,571,Z5,4.67E-05,43.217217,-76.200088,4244
13040,13040,1054,1.293481221,5-Digit ZCTA,1053,Z5,0.028847045,42.580456,-75.9185055,2758
10028,10028,2001,0.056411687,5-Digit ZCTA,2000,Z5,9.16E-05,40.7762275,-73.955355,45141
14134,14134,1173,0.01275382,5-Digit ZCTA,1172,Z5,4.38E-06,42.5345185,-78.5218835,104
12194,12194,1141,0.400407934,5-Digit ZCTA,1140,Z5,0.003710536,42.540919,-74.4569175,207
11978,11978,1941,0.022763448,5-Digit ZCTA,1940,Z5,2.76E-05,40.834948,-72.52003,3255
10701,10701,1856,0.25946558,5-Digit ZCTA,1855,Z5,0.001179335,40.950048,-73.877079,63393
11970,11970,1866,0.047440015,5-Digit ZCTA,1865,Z5,8.01E-05,40.940331,-72.5726295,522
14755,14755,1304,0.93768537,5-Digit ZCTA,1303,Z5,0.020613725,42.247502,-78.8020335,2916
11542,11542,2358,0.227860224,5-Digit ZCTA,2357,Z5,0.002016403,40.872698,-73.622971,27633
10901,10901,1790,0.569750624,5-Digit ZCTA,1789,Z5,0.008073594,41.15231761,-74.1217195,23465
129HH,129HH,233,0.163890379,5-Digit ZCTA,232,Z5,0.00047532,44.1746515,-74.381642,
14304,14304,661,0.450077627,5-Digit ZCTA,660,Z5,0.006412579,43.1016975,-78.9498625,30389
13061,13061,886,0.614188432,5-Digit ZCTA,885,Z5,0.006256205,42.863169,-75.756594,1040
10471,10471,1879,0.121803874,5-Digit ZCTA,1878,Z5,0.000794233,40.900578,-73.8993275,22922
14527,14527,1013,1.276570821,5-Digit ZCTA,1012,Z5,0.037969717,42.6530645,-77.0682025,
12118,12118,818,0.691663795,5-Digit ZCTA,817,Z5,0.009779894,42.9163735,-73.7354865,
13045,13045,1022,1.594288218,5-Digit ZCTA,1021,Z5,0.032506827,42.617858,-76.194779,30112
13027,13027,680,0.024165135,5-Digit ZCTA,679,Z5,3.90E-05,43.124717,-76.25595,31637
14533,14533,893,0.637455084,5-Digit ZCTA,892,Z5,0.008618326,42.8483405,-77.8949575,2000
10974,10974,1795,0.222406404,5-Digit ZCTA,1794,Z5,0.001714532,41.15372088,-74.201381,3152
12197,12197,1067,0.743781811,5-Digit ZCTA,1066,Z5,0.020089975,42.599439,-74.729434,2233
109HH,109HH,1801,0.121189528,5-Digit ZCTA,1800,Z5,0.000306877,41.1313955,-73.9615825,
145HH,145HH,983,0.458015423,5-Digit ZCTA,982,Z5,0.004568816,42.722673,-76.7206255,
13440,13440,586,0.868430427,5-Digit ZCTA,585,Z5,0.01204932,43.1617035,-75.4789665,42986
10278,10278,2382,0.006726755,5-Digit ZCTA,2381,Z5,2.70E-06,40.715642,-74.004128,
12477,12477,1519,0.336306975,5-Digit ZCTA,1518,Z5,0.002557253,42.0332905,-73.9624635,
12187,12187,1084,0.597970413,5-Digit ZCTA,1083,Z5,0.005517828,42.6175165,-74.4667105,697
11023,11023,1968,0.156603287,5-Digit ZCTA,1967,Z5,0.000499376,40.7991505,-73.7310755,9027
12033,12033,1131,0.708023067,5-Digit ZCTA,1130,Z5,0.009004691,42.532023,-73.704195,7851
14820,14820,1363,0.655302672,5-Digit ZCTA,1362,Z5,0.008792638,42.2043235,-77.368687,784
10017,10017,2050,0.06881372,5-Digit ZCTA,2049,Z5,9.40E-05,40.752822,-73.97246,16575
14813,14813,1325,1.047585239,5-Digit ZCTA,1324,Z5,0.017379985,42.253723,-77.976186,2520
13757,13757,1217,0.766993427,5-Digit ZCTA,1216,Z5,0.010794789,42.406369,-74.914436,1045
11514,11514,2047,0.102827275,5-Digit ZCTA,2046,Z5,0.000292695,40.7503505,-73.6164225,4673
130HH,130HH,899,0.323831706,5-Digit ZCTA,898,Z5,0.002008988,42.841974,-76.512026,
12211,12211,1038,0.271002522,5-Digit ZCTA,1037,Z5,0.001736434,42.6995285,-73.758014,
12989,12989,92,1.379384147,5-Digit ZCTA,91,Z5,0.030087475,44.530704,-74.059582,1010
14082,14082,1077,0.290485553,5-Digit ZCTA,1076,Z5,0.00243176,42.6600185,-78.387019,426
10026,10026,1975,0.046563781,5-Digit ZCTA,1974,Z5,9.24E-05,40.8027045,-73.9523835,34003
13787,13787,1449,0.024124806,5-Digit ZCTA,1448,Z5,2.87E-05,42.1430895,-75.692786,3629
12856,12856,355,0.918053911,5-Digit ZCTA,354,Z5,0.017094273,43.6326655,-74.1309245,187
12943,12943,229,0.971724709,5-Digit ZCTA,228,Z5,0.030974367,44.15077,-73.8327595,459
13680,13680,88,0.454397196,5-Digit ZCTA,87,Z5,0.006664667,44.6236105,-75.299928,
13136,13136,1081,0.515860273,5-Digit ZCTA,1080,Z5,0.006137602,42.608461,-75.838814,534
11702,11702,2166,0.418623567,5-Digit ZCTA,2165,Z5,0.00095737,40.62813599,-73.336325,
12455,12455,1377,1.133145902,5-Digit ZCTA,1376,Z5,0.020629385,42.1385025,-74.6396315,
12028,12028,817,0.733021053,5-Digit ZCTA,816,Z5,0.005265366,42.930985,-73.4431025,1172
13625,13625,94,1.232692027,5-Digit ZCTA,93,Z5,0.016585467,44.548729,-74.928222,1868
117HH,117HH,2347,0.49523404,5-Digit ZCTA,2346,Z5,0.002319324,40.89158814,-73.5201675,
11030,11030,1962,0.182202936,5-Digit ZCTA,1961,Z5,0.001820364,40.7938555,-73.686224,17962
11096,11096,2415,0.080980253,5-Digit ZCTA,2414,Z5,0.000401288,40.619613,-73.7517895,8344
11702,11702,2152,0.114622306,5-Digit ZCTA,2151,Z5,0.000266242,40.6515515,-73.2654005,
13166,13166,660,0.379026448,5-Digit ZCTA,659,Z5,0.005451122,43.1083715,-76.5665095,
12564,12564,1662,0.529748627,5-Digit ZCTA,1661,Z5,0.012282812,41.5810095,-73.591379,7338
10801,10801,2346,0.19579125,5-Digit ZCTA,2345,Z5,0.000917208,40.9178485,-73.7829765,40827
10011,10011,2065,0.065225021,5-Digit ZCTA,2064,Z5,0.000176963,40.74184,-74.000787,50984
134HH,134HH,795,0.243007529,5-Digit ZCTA,794,Z5,7.75E-05,43.0169145,-74.9598645,
12986,12986,236,0.047085952,5-Digit ZCTA,235,Z5,9.09E-05,44.1761255,-74.5257165,
11377,11377,2030,0.134926094,5-Digit ZCTA,2029,Z5,0.000725479,40.747549,-73.9060975,89830
12776,12776,1509,1.445459569,5-Digit ZCTA,1508,Z5,0.040026709,41.953869,-74.9592595,2180
14858,14858,1504,0.854133224,5-Digit ZCTA,1503,Z5,0.011720684,42.045201,-77.1310915,1598
13471,13471,421,1.011344392,5-Digit ZCTA,420,Z5,0.023419776,43.405347,-75.615085,3540
14480,14480,936,0.135195988,5-Digit ZCTA,935,Z5,0.000413796,42.837302,-77.703665,833
11560,11560,2354,0.230276041,5-Digit ZCTA,2353,Z5,0.00217129,40.87471504,-73.59297,6464
11429,11429,2101,0.081873593,5-Digit ZCTA,2100,Z5,0.000359264,40.7100765,-73.7393795,25105
10597,10597,1758,0.123661445,5-Digit ZCTA,1757,Z5,0.000531079,41.2959925,-73.598956,968
129HH,129HH,187,0.049191497,5-Digit ZCTA,186,Z5,9.96E-05,44.3305955,-74.082101,
12542,12542,1659,0.421515716,5-Digit ZCTA,1658,Z5,0.004548498,41.6021525,-74.0034275,5913
14855,14855,1422,0.626837143,5-Digit ZCTA,1421,Z5,0.007384865,42.1376635,-77.49456,956
14210,14210,2296,0.225408812,5-Digit ZCTA,2295,Z5,0.000939724,42.862308,-78.8299555,14694
10111,10111,2044,0.004129003,5-Digit ZCTA,2043,Z5,9.66E-07,40.759224,-73.977762,
14623,14623,699,0.152740033,5-Digit ZCTA,698,Z5,0.000818719,43.091963,-77.703127,
12885,12885,382,1.14681913,5-Digit ZCTA,381,Z5,0.013958743,43.5343645,-73.797409,4602
13166,13166,777,0.084032319,5-Digit ZCTA,776,Z5,0.000271664,43.022178,-76.4783135,
14462,14462,1048,0.293986253,5-Digit ZCTA,1047,Z5,0.003525123,42.6879665,-77.768568,655
13619,13619,267,1.779495081,5-Digit ZCTA,266,Z5,0.030606073,43.977765,-75.619433,10901
10583,10583,2320,0.354659757,5-Digit ZCTA,2319,Z5,0.00345408,40.9882975,-73.7953765,38982
11798,11798,2020,0.190626943,5-Digit ZCTA,2019,Z5,0.001179299,40.7524985,-73.372465,15347
12828,12828,517,0.516418979,5-Digit ZCTA,516,Z5,0.003601156,43.262099,-73.663671,
14202,14202,902,0.190965826,5-Digit ZCTA,901,Z5,0.000232087,42.888407,-78.8852575,3911
13624,13624,219,0.022508674,5-Digit ZCTA,218,Z5,2.99E-05,44.271233,-76.0703925,5457
14901,14901,1448,0.977634322,5-Digit ZCTA,1447,Z5,0.0093295,42.07466695,-76.73734526,
14728,14728,1318,0.656866574,5-Digit ZCTA,1317,Z5,0.007334597,42.277091,-79.411839,1031
13032,13032,623,0.959457859,5-Digit ZCTA,622,Z5,0.023263269,43.0700435,-75.7694775,12790
14901,14901,1535,0.13836612,5-Digit ZCTA,1534,Z5,0.000153237,42.0223125,-76.6601855,
13073,13073,1117,0.796560287,5-Digit ZCTA,1116,Z5,0.015309839,42.5774695,-76.3941305,6423
12824,12824,408,0.642947272,5-Digit ZCTA,407,Z5,0.006066181,43.538657,-73.686722,894
11901,11901,2323,0.641704125,5-Digit ZCTA,2322,Z5,0.009326782,40.95148382,-72.651971,
12435,12435,1620,0.244611533,5-Digit ZCTA,1619,Z5,0.002199852,41.724831,-74.526748,326
138HH,138HH,1412,0.05347199,5-Digit ZCTA,1411,Z5,2.15E-05,42.1936115,-75.8336965,
12456,12456,1527,0.072669755,5-Digit ZCTA,1526,Z5,0.000187431,42.031417,-74.0012415,639
13027,13027,566,0.77462336,5-Digit ZCTA,565,Z5,0.013495244,43.176507,-76.3640375,
13069,13069,452,0.795191228,5-Digit ZCTA,451,Z5,0.021286285,43.347835,-76.3395345,
13483,13483,455,0.156801774,5-Digit ZCTA,454,Z5,0.000952166,43.40679,-75.8268895,256
129HH,129HH,57,0.349869113,5-Digit ZCTA,56,Z5,0.001517582,44.7709075,-73.990441,
12404,12404,1567,0.914419375,5-Digit ZCTA,1566,Z5,0.010555752,41.818154,-74.2253105,3385
12041,12041,1165,0.045126306,5-Digit ZCTA,1164,Z5,3.34E-05,42.5380015,-73.978562,481
12986,12986,221,0.022316894,5-Digit ZCTA,220,Z5,2.49E-05,44.2641745,-74.334065,
11952,11952,2318,0.366897104,5-Digit ZCTA,2317,Z5,0.00288641,41.00354024,-72.54578141,4637
11553,11553,2098,0.125228101,5-Digit ZCTA,2097,Z5,0.000756383,40.702901,-73.5922715,26034
134HH,134HH,395,0.289383813,5-Digit ZCTA,394,Z5,9.24E-05,43.622585,-75.036399,
11693,11693,2244,0.020901675,5-Digit ZCTA,2243,Z5,2.90E-05,40.601035,-73.812504,11916
10172,10172,2053,0.005070911,5-Digit ZCTA,2052,Z5,1.33E-06,40.7554995,-73.9744685,
128HH,128HH,291,0.063062796,5-Digit ZCTA,290,Z5,0.000112151,43.9565825,-74.556286,
14846,14846,1124,0.763437455,5-Digit ZCTA,1123,Z5,0.009543479,42.53791,-78.0079195,792
10112,10112,2041,0.005399637,5-Digit ZCTA,2040,Z5,8.12E-07,40.759608,-73.9798085,
12144,12144,1079,0.359877796,5-Digit ZCTA,1078,Z5,0.004941328,42.6273195,-73.7065635,20555
11434,11434,2127,0.145337279,5-Digit ZCTA,2126,Z5,0.000818488,40.67543,-73.775037,59129
10034,10034,1907,0.077644389,5-Digit ZCTA,1906,Z5,0.000236008,40.8686915,-73.9217635,38908
13733,13733,1334,0.570749432,5-Digit ZCTA,1333,Z5,0.008158059,42.2322245,-75.4285985,5216
120HH,120HH,1234,0.049810647,5-Digit ZCTA,1233,Z5,0.000150878,42.444812,-74.426059,
14860,14860,1109,0.41175585,5-Digit ZCTA,1108,Z5,0.007268166,42.5876565,-76.8309915,1039
12601,12601,1617,0.040451969,5-Digit ZCTA,1616,Z5,4.58E-05,41.774189,-73.9013235,43398
14427,14427,1059,0.721050001,5-Digit ZCTA,1058,Z5,0.009849737,42.6338095,-78.0523875,1964
12106,12106,1246,0.366648211,5-Digit ZCTA,1245,Z5,0.004317498,42.3856135,-73.716531,2193
12501,12501,1566,0.590734527,5-Digit ZCTA,1565,Z5,0.009080646,41.8504665,-73.56283709,2457
11507,11507,2008,0.088581295,5-Digit ZCTA,2007,Z5,0.000292574,40.7702505,-73.651473,7406
136HH,136HH,161,2.297550919,5-Digit ZCTA,160,Z5,0.011801983,44.28647197,-76.05076086,
121XX,121XX,471,0.399577733,5-Digit ZCTA,470,Z5,0.0021332,43.332794,-74.5226145,
11596,11596,2018,0.105925142,5-Digit ZCTA,2017,Z5,0.000423233,40.7620505,-73.6415225,10480
145HH,145HH,2281,0.35487044,5-Digit ZCTA,2280,Z5,0.001435874,43.24728325,-76.958388,
10041,10041,2393,0.009192491,5-Digit ZCTA,2392,Z5,3.27E-06,40.703119,-74.0100225,
125HH,125HH,1676,0.05062963,5-Digit ZCTA,1675,Z5,9.77E-05,41.5659955,-74.0691705,
12409,12409,1489,0.332329002,5-Digit ZCTA,1488,Z5,0.002829042,42.06985,-74.135654,804
12737,12737,1679,0.477829357,5-Digit ZCTA,1678,Z5,0.009461014,41.493923,-74.8063245,1910
13212,13212,649,0.356660143,5-Digit ZCTA,648,Z5,0.002998384,43.123517,-76.1320315,20356
12986,12986,240,0.060904147,5-Digit ZCTA,239,Z5,5.66E-05,44.1593465,-74.316068,
124HH,124HH,1548,0.636189486,5-Digit ZCTA,1547,Z5,0.00354607,41.966864,-74.1829605,
12019,12019,830,0.49427405,5-Digit ZCTA,829,Z5,0.005677248,42.9177255,-73.840666,
11021,11021,1986,0.13108096,5-Digit ZCTA,1985,Z5,0.000726992,40.785255,-73.7267255,17729
13469,13469,552,0.233186743,5-Digit ZCTA,551,Z5,0.001095948,43.225919,-75.2904475,847
11415,11415,2108,0.055493861,5-Digit ZCTA,2107,Z5,0.000157954,40.7079445,-73.8262785,19341
11430,11430,2148,0.177802531,5-Digit ZCTA,2147,Z5,0.000780758,40.650212,-73.788857,
14625,14625,613,0.261902473,5-Digit ZCTA,612,Z5,0.002194172,43.149313,-77.5081195,10387
11746,11746,1918,0.5021635,5-Digit ZCTA,1917,Z5,0.006432791,40.815198,-73.362363,67094
12960,12960,265,0.451937957,5-Digit ZCTA,264,Z5,0.006781036,44.025202,-73.5492045,1148
11959,11959,1934,0.035154168,5-Digit ZCTA,1933,Z5,5.49E-05,40.841035,-72.617436,939
12078,12078,557,1.250461997,5-Digit ZCTA,556,Z5,0.034634149,43.1306805,-74.3570825,
10805,10805,1897,0.029372968,5-Digit ZCTA,1896,Z5,5.36E-05,40.883849,-73.770776,
128XX,128XX,263,0.433860392,5-Digit ZCTA,262,Z5,0.007248307,44.0206835,-74.002368,
14865,14865,1263,0.503358796,5-Digit ZCTA,1262,Z5,0.00631455,42.35342,-76.8426885,2607
119HH,119HH,2375,0.626040548,5-Digit ZCTA,2374,Z5,0.000635658,40.769074,-72.851651,
12835,12835,462,1.144418815,5-Digit ZCTA,461,Z5,0.027820074,43.3130055,-73.9926905,
13787,13787,1424,0.160648241,5-Digit ZCTA,1423,Z5,0.000375371,42.1563265,-75.600824,
14886,14886,1145,0.895385021,5-Digit ZCTA,1144,Z5,0.020537153,42.4969285,-76.683116,6753
129HH,129HH,4,4.830099699,5-Digit ZCTA,3,Z5,0.042407869,44.466679,-73.525168,
10958,10958,1715,0.618854014,5-Digit ZCTA,1714,Z5,0.006444947,41.3803535,-74.429805,3291
12529,12529,1357,0.703666674,5-Digit ZCTA,1356,Z5,0.016227765,42.2091495,-73.54017507,
110HH,110HH,2368,0.078768844,5-Digit ZCTA,2367,Z5,0.000177089,40.84360423,-73.664173,
12992,12992,43,1.137169756,5-Digit ZCTA,42,Z5,0.02153331,44.822741,-73.537441,4778
12828,12828,490,0.671509617,5-Digit ZCTA,489,Z5,0.009565781,43.25015,-73.5350955,
13830,13830,1161,1.297031078,5-Digit ZCTA,1160,Z5,0.033690396,42.434396,-75.6359535,5042
14806,14806,1390,0.919536959,5-Digit ZCTA,1389,Z5,0.018195247,42.149008,-77.804271,2269
12412,12412,1537,0.356389785,5-Digit ZCTA,1536,Z5,0.003612529,41.9980555,-74.233165,673
129HH,129HH,126,0.122510999,5-Digit ZCTA,125,Z5,9.64E-05,44.5136965,-74.3823865,
13662,13662,27,0.024785575,5-Digit ZCTA,26,Z5,3.99E-05,44.9703275,-74.9571195,
14564,14564,764,0.483906598,5-Digit ZCTA,763,Z5,0.011766469,42.9832055,-77.4281085,14487
11569,11569,2243,0.063238704,5-Digit ZCTA,2242,Z5,0.000119318,40.6006025,-73.5801725,
10464,10464,2367,0.040603531,5-Digit ZCTA,2366,Z5,0.000104862,40.85249501,-73.76942221,4534
11796,11796,2075,0.082152393,5-Digit ZCTA,2074,Z5,0.00034129,40.730578,-73.0994355,4056
14011,14011,884,0.934098243,5-Digit ZCTA,883,Z5,0.01981429,42.8425,-78.297757,9822
13331,13331,295,1.026557633,5-Digit ZCTA,294,Z5,0.02217421,43.8485665,-74.9125295,
14760,14760,1516,0.536950149,5-Digit ZCTA,1515,Z5,0.008658918,42.03884244,-78.43240849,18775
14590,14590,2284,0.024980306,5-Digit ZCTA,2283,Z5,3.20E-05,43.265354,-76.944304,5446
105HH,105HH,1770,0.160177505,5-Digit ZCTA,1769,Z5,0.000390759,41.2535465,-73.639263,
13108,13108,791,0.505581581,5-Digit ZCTA,790,Z5,0.008578778,42.9702705,-76.335336,6175
120HH,120HH,625,0.060385436,5-Digit ZCTA,624,Z5,0.000160145,43.157835,-74.116321,
10032,10032,1932,0.061414216,5-Digit ZCTA,1931,Z5,0.000186389,40.8399335,-73.942181,57331
131HH,131HH,897,0.168438069,5-Digit ZCTA,896,Z5,0.000812826,42.8751485,-76.2865405,
11569,11569,2245,0.019333106,5-Digit ZCTA,2244,Z5,2.02E-05,40.601203,-73.6319235,1398
129HH,129HH,91,0.027301821,5-Digit ZCTA,90,Z5,5.13E-05,44.6465275,-74.101747,
14048,14048,2307,0.517130544,5-Digit ZCTA,2306,Z5,0.006480297,42.48172,-79.32589376,15072
14842,14842,1108,0.384059127,5-Digit ZCTA,1107,Z5,0.004461097,42.595778,-76.96217,938
10566,10566,1761,0.156778662,5-Digit ZCTA,1760,Z5,0.001184231,41.288137,-73.915979,23570
13029,13029,530,0.126207124,5-Digit ZCTA,529,Z5,0.000806587,43.254053,-76.191744,7109
11714,11714,2029,0.220355968,5-Digit ZCTA,2028,Z5,0.001615028,40.7404995,-73.477318,22658
132HH,132HH,684,0.306576725,5-Digit ZCTA,683,Z5,0.000997447,43.0925665,-76.220751,
12186,12186,1070,0.704152088,5-Digit ZCTA,1069,Z5,0.009247189,42.617852,-73.9688215,6277
10001,10001,2042,0.075200172,5-Digit ZCTA,2041,Z5,0.000180136,40.751865,-73.9964735,21102
14782,14782,1307,0.839000355,5-Digit ZCTA,1306,Z5,0.016393775,42.2675835,-79.2657965,2401
12833,12833,569,0.809843233,5-Digit ZCTA,568,Z5,0.011190256,43.1529395,-73.873707,4401
14411,14411,493,1.082867039,5-Digit ZCTA,492,Z5,0.033776919,43.235383,-78.199528,14491
133HH,133HH,304,0.166039634,5-Digit ZCTA,303,Z5,4.15E-05,43.912695,-75.536798,
11968,11968,1875,0.020714619,5-Digit ZCTA,1874,Z5,2.27E-05,40.92006,-72.447058,11593
13669,13669,82,0.738946376,5-Digit ZCTA,81,Z5,0.016094384,44.6051735,-75.578427,
11768,11768,2340,0.707831211,5-Digit ZCTA,2339,Z5,0.004216475,40.9139975,-73.32312252,21902
14733,14733,1409,0.548622264,5-Digit ZCTA,1408,Z5,0.007984917,42.149664,-79.1897575,3833
11364,11364,2040,0.134768755,5-Digit ZCTA,2039,Z5,0.000784523,40.7464885,-73.756666,34555
10503,10503,1846,0.011783968,5-Digit ZCTA,1845,Z5,8.38E-06,41.025547,-73.875129,108
13842,13842,1266,0.04736014,5-Digit ZCTA,1265,Z5,6.38E-05,42.3973585,-74.694787,695
129HH,129HH,137,0.021169183,5-Digit ZCTA,136,Z5,2.27E-05,44.4916355,-74.1376005,
12092,12092,1043,0.54451856,5-Digit ZCTA,1042,Z5,0.003905325,42.6962675,-74.3834245,1304
128HH,128HH,300,0.105394337,5-Digit ZCTA,299,Z5,9.59E-05,43.925109,-73.971004,
13776,13776,1186,0.706531405,5-Digit ZCTA,1185,Z5,0.005954042,42.458822,-75.331631,513
13630,13630,108,0.778650175,5-Digit ZCTA,107,Z5,0.011108032,44.4968685,-75.288385,1525
12094,12094,945,0.186379183,5-Digit ZCTA,944,Z5,0.001187898,42.8308865,-73.4694385,2268
12918,12918,72,0.45787922,5-Digit ZCTA,71,Z5,0.004490691,44.703326,-73.6686775,2381
10463,10463,1893,0.128560629,5-Digit ZCTA,1892,Z5,0.000480849,40.876678,-73.9056015,67970
10994,10994,1807,0.208052709,5-Digit ZCTA,1806,Z5,0.001403138,41.1026955,-73.969758,7085
13755,13755,1454,0.818927442,5-Digit ZCTA,1453,Z5,0.012774708,42.082833,-75.0020425,1228
12563,12563,1690,0.375910757,5-Digit ZCTA,1689,Z5,0.005308264,41.4906585,-73.589078,8084
14171,14171,1198,0.827480761,5-Digit ZCTA,1197,Z5,0.014625334,42.4147005,-78.6426955,2077
11548,11548,1956,0.077095846,5-Digit ZCTA,1955,Z5,0.000189128,40.8153995,-73.6221215,2780
12420,12420,1642,0.145035029,5-Digit ZCTA,1641,Z5,0.001039545,41.6727625,-74.381058,363
12458,12458,1560,0.763935695,5-Digit ZCTA,1559,Z5,0.01419008,41.826176,-74.4164195,3232
11234,11234,2252,0.045980734,5-Digit ZCTA,2251,Z5,7.13E-05,40.5858995,-73.8673425,
102HH,102HH,2379,0.058950039,5-Digit ZCTA,2378,Z5,0.000123948,40.71583611,-74.018302,
11569,11569,2248,0.02810905,5-Digit ZCTA,2247,Z5,2.46E-05,40.598053,-73.601023,
10980,10980,1759,0.621411019,5-Digit ZCTA,1758,Z5,0.008310269,41.253906,-74.0402855,13383
10162,10162,2023,0.008156466,5-Digit ZCTA,2022,Z5,3.18E-06,40.7694135,-73.9503585,1685
13044,13044,472,0.584530336,5-Digit ZCTA,471,Z5,0.009741269,43.310241,-75.9868875,2512
11758,11758,2195,0.063490402,5-Digit ZCTA,2194,Z5,0.000108248,40.621551,-73.4409685,
129HH,129HH,168,0.08820813,5-Digit ZCTA,167,Z5,0.000200947,44.3805045,-74.3177335,
13662,13662,3,1.080475248,5-Digit ZCTA,2,Z5,0.011440599,44.954298,-74.93610263,
11214,11214,2418,0.132178258,5-Digit ZCTA,2417,Z5,0.000706872,40.5972495,-73.99813824,88630
12913,12913,125,1.131343124,5-Digit ZCTA,124,Z5,0.017619798,44.438075,-74.0217645,1157
11735,11735,2037,0.290468915,5-Digit ZCTA,2036,Z5,0.003048035,40.7333995,-73.4281165,32098
149HH,149HH,1466,0.253943854,5-Digit ZCTA,1465,Z5,8.84E-05,42.1026215,-76.9090865,
11725,11725,1905,0.287990195,5-Digit ZCTA,1904,Z5,0.002755301,40.8422475,-73.279504,29150
13748,13748,1540,0.083762234,5-Digit ZCTA,1539,Z5,0.000275976,42.00832295,-75.77666896,3800
136HH,136HH,2262,0.787337928,5-Digit ZCTA,2261,Z5,0.007139133,44.0291373,-76.195291,
100HH,100HH,2364,1.117517849,5-Digit ZCTA,2363,Z5,0.002712161,40.78045046,-73.96639881,
12116,12116,1122,0.527122079,5-Digit ZCTA,1121,Z5,0.008633635,42.5493195,-74.9191375,1920
13637,13637,242,0.632116553,5-Digit ZCTA,241,Z5,0.009396308,44.0932615,-75.8179175,4491
13730,13730,1372,0.534681313,5-Digit ZCTA,1371,Z5,0.005301212,42.186485,-75.482275,2805
14094,14094,537,0.897278913,5-Digit ZCTA,536,Z5,0.021194496,43.1753305,-78.737756,
121HH,121HH,890,0.152968166,5-Digit ZCTA,889,Z5,7.34E-05,42.8998035,-73.563757,
12969,12969,55,1.196342883,5-Digit ZCTA,54,Z5,0.03363733,44.7487185,-74.0817515,423
12922,12922,144,1.83480343,5-Digit ZCTA,143,Z5,0.064490972,44.272902,-74.7891405,
13066,13066,742,0.431351633,5-Digit ZCTA,741,Z5,0.004406955,43.0308165,-75.999679,12390
13862,13862,1311,0.44362528,5-Digit ZCTA,1310,Z5,0.003964181,42.2869495,-75.9638605,
11977,11977,1923,0.261456011,5-Digit ZCTA,1922,Z5,0.001479563,40.830203,-72.679597,2467
12010,12010,848,0.692442232,5-Digit ZCTA,847,Z5,0.013957189,42.8893815,-74.1917465,
14512,14512,1020,1.143886292,5-Digit ZCTA,1019,Z5,0.02994567,42.655026,-77.38066,4721
129HH,129HH,149,0.063854311,5-Digit ZCTA,148,Z5,9.69E-05,44.459314,-74.3454825,
127HH,127HH,1718,0.327685906,5-Digit ZCTA,1717,Z5,0.000115916,41.39439,-74.73793521,
128HH,128HH,342,0.687944603,5-Digit ZCTA,341,Z5,0.002016125,43.707456,-74.3233175,
10976,10976,1836,0.118309065,5-Digit ZCTA,1835,Z5,0.000283801,41.0282465,-73.9293805,2258
14218,14218,975,0.062415206,5-Digit ZCTA,974,Z5,0.000138877,42.8101085,-78.770403,19039
133HH,133HH,741,0.252428064,5-Digit ZCTA,740,Z5,0.000102655,43.0438905,-75.059834,
12440,12440,1589,0.516453445,5-Digit ZCTA,1588,Z5,0.004543078,41.7887235,-74.157783,
13797,13797,1272,0.822047115,5-Digit ZCTA,1271,Z5,0.010242249,42.326619,-76.04328,2250
13357,13357,782,0.56415541,5-Digit ZCTA,781,Z5,0.009335318,42.9688505,-75.089041,11096
121HH,121HH,911,0.091125854,5-Digit ZCTA,910,Z5,4.50E-05,42.8720555,-74.036916,
11201,11201,2392,0.099740227,5-Digit ZCTA,2391,Z5,0.000397288,40.694169,-73.99063,51128
12087,12087,1229,0.264615597,5-Digit ZCTA,1228,Z5,0.002793732,42.424194,-73.868888,
13207,13207,776,0.186032453,5-Digit ZCTA,775,Z5,0.000928293,43.008966,-76.1703465,13897
12729,12729,1677,0.180298923,5-Digit ZCTA,1676,Z5,0.001484427,41.536889,-74.660746,
13621,13621,46,0.4418416,5-Digit ZCTA,45,Z5,0.006028392,44.835225,-75.0653,
12754,12754,1581,0.787632499,5-Digit ZCTA,1580,Z5,0.009025993,41.8079705,-74.730916,7221
13110,13110,875,0.653677828,5-Digit ZCTA,874,Z5,0.007349158,42.875662,-76.280995,2338
12448,12448,1484,0.185933902,5-Digit ZCTA,1483,Z5,0.001730986,42.0866855,-74.1998675,
11234,11234,2194,0.04205424,5-Digit ZCTA,2193,Z5,0.000100119,40.622099,-73.8717415,
140HH,140HH,743,0.700120622,5-Digit ZCTA,742,Z5,0.001349598,43.012706,-78.9569003,
11206,11206,2113,0.088505772,5-Digit ZCTA,2112,Z5,0.000399151,40.702095,-73.9422505,81677
10009,10009,2088,0.049607326,5-Digit ZCTA,2087,Z5,0.000157604,40.7274545,-73.9802905,61347
10530,10530,1845,0.048918444,5-Digit ZCTA,1844,Z5,9.74E-05,41.0237795,-73.831132,12604
12878,12878,441,0.801054587,5-Digit ZCTA,440,Z5,0.023734224,43.429571,-74.015436,719
140HH,140HH,2288,0.29387303,5-Digit ZCTA,2287,Z5,0.000959241,43.16246535,-79.0141655,
125HH,125HH,1310,2.434195098,5-Digit ZCTA,1309,Z5,0.008874952,41.8789825,-73.88568,
10913,10913,1820,0.184911069,5-Digit ZCTA,1819,Z5,0.0011824,41.069446,-73.9562815,5532
10456,10456,1938,0.092445255,5-Digit ZCTA,1937,Z5,0.000294811,40.830529,-73.9081555,86547
10048,10048,2385,0.009942032,5-Digit ZCTA,2384,Z5,4.35E-06,40.712438,-74.012636,
127HH,127HH,1503,0.251863463,5-Digit ZCTA,1502,Z5,0.000526968,42.0802895,-74.9135805,
13834,13834,1159,0.099074338,5-Digit ZCTA,1158,Z5,7.16E-05,42.5448575,-74.9652955,118
14610,14610,627,0.23476488,5-Digit ZCTA,626,Z5,0.001237134,43.145613,-77.547595,14233
136HH,136HH,39,0.750532173,5-Digit ZCTA,38,Z5,0.000378323,44.8194655,-74.7608915,
144HH,144HH,1009,0.225004668,5-Digit ZCTA,1008,Z5,0.000751434,42.7246055,-77.609775,
10969,10969,1744,0.381887602,5-Digit ZCTA,1743,Z5,0.002955786,41.29596902,-74.48939,1267
131HH,131HH,942,0.049999532,5-Digit ZCTA,941,Z5,0.00014966,42.8432295,-76.2552275,
12765,12765,1571,0.420293498,5-Digit ZCTA,1570,Z5,0.003334633,41.853692,-74.6219405,885
11411,11411,2121,0.077459504,5-Digit ZCTA,2120,Z5,0.000330132,40.6920135,-73.736801,18556
11215,11215,2399,0.12449531,5-Digit ZCTA,2398,Z5,0.000629201,40.661816,-73.985522,63488
128XX,128XX,290,0.700271382,5-Digit ZCTA,289,Z5,0.011573578,43.8904235,-74.25048,
11569,11569,2250,0.062472715,5-Digit ZCTA,2249,Z5,0.000162461,40.590653,-73.58723429,
10983,10983,1839,0.111452326,5-Digit ZCTA,1838,Z5,0.000609025,41.02587282,-73.948232,5532
12961,12961,255,0.384494864,5-Digit ZCTA,254,Z5,0.004699793,44.0618495,-73.573436,180
121HH,121HH,993,0.266681409,5-Digit ZCTA,992,Z5,9.50E-05,42.7693405,-74.287679,
14209,14209,874,0.115357388,5-Digit ZCTA,873,Z5,0.00032385,42.917857,-78.8652075,7926
13827,13827,1417,1.064874774,5-Digit ZCTA,1416,Z5,0.018815474,42.1327445,-76.2767175,
13304,13304,522,0.486663339,5-Digit ZCTA,521,Z5,0.004265472,43.237493,-75.1675095,1684
11722,11722,1973,0.269032718,5-Digit ZCTA,1972,Z5,0.002296783,40.782066,-73.19283,35177
13365,13365,576,1.112712303,5-Digit ZCTA,575,Z5,0.021499511,43.1092175,-74.864241,
14062,14062,2308,0.927793514,5-Digit ZCTA,2307,Z5,0.019983337,42.430846,-79.1663165,3329
12914,12914,26,0.647252633,5-Digit ZCTA,25,Z5,0.010850503,44.925715,-74.6141925,1044
13642,13642,135,2.236386253,5-Digit ZCTA,134,Z5,0.048684033,44.348003,-75.4699255,10088
123HH,123HH,905,0.07659925,5-Digit ZCTA,904,Z5,3.92E-05,42.890065,-74.068911,
10549,10549,1775,0.45130487,5-Digit ZCTA,1774,Z5,0.005051262,41.200141,-73.7159635,16638
104HH,104HH,1914,0.066120788,5-Digit ZCTA,1913,Z5,6.00E-05,40.85857616,-73.792002,
12734,12734,1616,0.393232863,5-Digit ZCTA,1615,Z5,0.003598925,41.737664,-74.7486185,867
11416,11416,2132,0.070976389,5-Digit ZCTA,2131,Z5,0.000185807,40.6845085,-73.850307,24861
13350,13350,784,0.168515702,5-Digit ZCTA,783,Z5,0.000171449,43.020391,-74.955613,10093
108HH,108HH,2351,0.071108391,5-Digit ZCTA,2350,Z5,7.85E-05,40.90997058,-73.766476,
13135,13135,551,0.427801572,5-Digit ZCTA,550,Z5,0.003469282,43.2222355,-76.361335,6617
136HH,136HH,127,0.15606211,5-Digit ZCTA,126,Z5,0.000315968,44.5082985,-74.7885225,
13782,13782,1365,0.667706998,5-Digit ZCTA,1364,Z5,0.011180138,42.1716755,-74.968344,755
10803,10803,1874,0.131900142,5-Digit ZCTA,1873,Z5,0.00064076,40.904794,-73.80574,12435
11558,11558,2425,0.029749119,5-Digit ZCTA,2424,Z5,4.57E-05,40.6007035,-73.6747245,
10305,10305,2202,0.176045163,5-Digit ZCTA,2201,Z5,0.001135464,40.59660808,-74.077332,41749
12401,12401,1564,0.021781851,5-Digit ZCTA,1563,Z5,3.00E-05,41.914236,-73.980526,35040
14775,14775,2311,0.616005327,5-Digit ZCTA,2310,Z5,0.015565894,42.23931674,-79.6832035,2537
13904,13904,1434,0.584636884,5-Digit ZCTA,1433,Z5,0.006942907,42.12955,-75.787513,9579
12401,12401,1533,1.50342249,5-Digit ZCTA,1532,Z5,0.01774717,41.940878,-74.067697,
13754,13754,1515,0.229182227,5-Digit ZCTA,1514,Z5,0.000777421,42.041374,-75.402824,3310
11793,11793,2233,0.038659613,5-Digit ZCTA,2232,Z5,8.61E-05,40.609152,-73.518171,
11385,11385,2112,0.207728825,5-Digit ZCTA,2111,Z5,0.001009836,40.6975325,-73.882391,98592
11727,11727,1882,0.303300415,5-Digit ZCTA,1881,Z5,0.002624599,40.877842,-73.0041855,29030
145HH,145HH,990,0.506212611,5-Digit ZCTA,989,Z5,0.009287094,42.7138995,-76.9239905,
138HH,138HH,1441,0.242411977,5-Digit ZCTA,1440,Z5,0.000419806,42.1163305,-75.3176135,
14741,14741,1356,1.230916033,5-Digit ZCTA,1355,Z5,0.017658467,42.2033805,-78.5962135,1873
129XX,129XX,179,0.042365481,5-Digit ZCTA,178,Z5,3.83E-05,44.3523425,-74.438879,
12601,12601,1612,0.770917389,5-Digit ZCTA,1611,Z5,0.005476255,41.703389,-73.89645,
14898,14898,1455,0.806262665,5-Digit ZCTA,1454,Z5,0.016439563,42.07041511,-77.43005747,1734
12305,12305,970,0.024401178,5-Digit ZCTA,969,Z5,2.18E-05,42.819326,-73.9556185,5716
12449,12449,1539,0.119763512,5-Digit ZCTA,1538,Z5,0.000483878,42.000294,-74.0028215,3367
10573,10573,1832,0.201366847,5-Digit ZCTA,1831,Z5,0.001602085,41.02324538,-73.67945,38352
13166,13166,734,0.456831975,5-Digit ZCTA,733,Z5,0.006781435,43.031847,-76.5514005,
12930,12930,60,0.077965697,5-Digit ZCTA,59,Z5,0.0001786,44.79584,-74.4818125,
136HH,136HH,130,0.241722197,5-Digit ZCTA,129,Z5,0.000343336,44.479728,-74.760889,
12531,12531,1673,0.452850021,5-Digit ZCTA,1672,Z5,0.004103437,41.527219,-73.667889,3601
13662,13662,22,0.126225906,5-Digit ZCTA,21,Z5,0.000252702,44.9756875,-74.9190385,
12944,12944,118,0.452409495,5-Digit ZCTA,117,Z5,0.003620109,44.49772,-73.54231,
105HH,105HH,1754,0.130153574,5-Digit ZCTA,1753,Z5,0.000255998,41.304907,-73.7468105,
10919,10919,1683,0.148887506,5-Digit ZCTA,1682,Z5,0.00087608,41.5280405,-74.3737475,1040
11238,11238,2396,0.081385527,5-Digit ZCTA,2395,Z5,0.00032601,40.6763925,-73.9640535,49262
12159,12159,1105,0.021450645,5-Digit ZCTA,1104,Z5,2.48E-05,42.635485,-73.8428715,7896
104HH,104HH,1878,0.095111891,5-Digit ZCTA,1877,Z5,0.00032384,40.8982935,-73.9219555,
129HH,129HH,131,0.045421688,5-Digit ZCTA,130,Z5,6.97E-05,44.5005005,-74.1312525,
10543,10543,2327,0.187499962,5-Digit ZCTA,2326,Z5,0.001364352,40.95292831,-73.73720394,20135
13084,13084,839,0.94257787,5-Digit ZCTA,838,Z5,0.011435063,42.886592,-76.1293505,4409
10535,10535,1740,0.069582368,5-Digit ZCTA,1739,Z5,0.000141146,41.3344775,-73.8017745,555
13490,13490,656,0.436232962,5-Digit ZCTA,655,Z5,0.003450288,43.114719,-75.428831,1361
13308,13308,534,0.559573189,5-Digit ZCTA,533,Z5,0.003932434,43.2349555,-75.634629,
12759,12759,1603,0.139953646,5-Digit ZCTA,1602,Z5,0.000727613,41.805431,-74.6669695,
13603,13603,264,0.236606842,5-Digit ZCTA,263,Z5,0.001330739,44.0420765,-75.806688,9760
11702,11702,2151,0.046678493,5-Digit ZCTA,2150,Z5,7.06E-05,40.653523,-73.2479855,
10703,10703,1853,0.117257112,5-Digit ZCTA,1852,Z5,0.000410495,40.9594975,-73.8807295,20301
11715,11715,2026,0.10151621,5-Digit ZCTA,2025,Z5,0.000432867,40.749082,-73.031689,4752
12861,12861,335,0.496339579,5-Digit ZCTA,334,Z5,0.009625699,43.7493145,-73.422789,609
13155,13155,1037,0.766911531,5-Digit ZCTA,1036,Z5,0.007601806,42.6640025,-75.757495,663
10924,10924,1713,0.848369167,5-Digit ZCTA,1712,Z5,0.010496567,41.3735405,-74.363005,13120
14040,14040,878,0.506926479,5-Digit ZCTA,877,Z5,0.009445696,42.8884655,-78.385678,2217
128HH,128HH,251,0.064757208,5-Digit ZCTA,250,Z5,9.52E-05,44.092278,-74.06785,
134HH,134HH,492,0.233608936,5-Digit ZCTA,491,Z5,0.000485055,43.3229385,-75.1128195,
149HH,149HH,1506,0.436488498,5-Digit ZCTA,1505,Z5,0.000210042,42.052453,-76.7739075,
12779,12779,1622,0.333460805,5-Digit ZCTA,1621,Z5,0.001883098,41.7091935,-74.6327415,2460
144HH,144HH,1004,0.145431064,5-Digit ZCTA,1003,Z5,0.000813768,42.751684,-77.511207,
128XX,128XX,246,0.723193512,5-Digit ZCTA,245,Z5,0.009402284,44.049273,-74.2056035,
13669,13669,65,0.871249401,5-Digit ZCTA,64,Z5,0.014959553,44.698681,-75.4073,
12302,12302,959,0.025342387,5-Digit ZCTA,958,Z5,2.12E-05,42.824326,-73.984019,27582
12175,12175,1128,0.673602608,5-Digit ZCTA,1127,Z5,0.008354947,42.5485325,-74.5665615,797
133HH,133HH,308,0.023452772,5-Digit ZCTA,307,Z5,2.20E-05,43.927316,-75.3265595,
12418,12418,1273,0.423339795,5-Digit ZCTA,1272,Z5,0.005035262,42.3569465,-74.1670895,537
120HH,120HH,842,1.783569939,5-Digit ZCTA,841,Z5,0.001218577,42.851834,-74.3226925,
13219,13219,748,0.262455695,5-Digit ZCTA,747,Z5,0.001359252,43.046316,-76.2259985,15363
12764,12764,1649,0.712714126,5-Digit ZCTA,1648,Z5,0.01654542,41.595106,-74.992366,1802
14125,14125,675,0.495142047,5-Digit ZCTA,674,Z5,0.010269831,43.0876525,-78.272939,3782
11693,11693,2251,0.045295341,5-Digit ZCTA,2250,Z5,0.000106357,40.5875895,-73.81238707,
10302,10302,2173,0.077647964,5-Digit ZCTA,2172,Z5,0.000344376,40.62898442,-74.1377045,19088
12972,12972,107,0.066224792,5-Digit ZCTA,106,Z5,0.000134951,44.5601285,-73.431067,6364
10927,10927,1791,0.133483757,5-Digit ZCTA,1790,Z5,0.000565853,41.1904445,-73.964683,11910
10467,10467,1891,0.149081461,5-Digit ZCTA,1890,Z5,0.000781605,40.8759785,-73.8715045,97060
121HH,121HH,1224,0.075992824,5-Digit ZCTA,1223,Z5,0.000151624,42.452209,-73.655903,
12534,12534,1302,0.200796892,5-Digit ZCTA,1301,Z5,0.000957062,42.332884,-73.7588485,
12547,12547,1648,0.263391627,5-Digit ZCTA,1647,Z5,0.00218253,41.656877,-73.988381,2891
128HH,128HH,281,0.385022476,5-Digit ZCTA,280,Z5,0.00097082,43.9806515,-74.7820035,
144HH,144HH,919,0.305731485,5-Digit ZCTA,918,Z5,0.002040826,42.816915,-77.288895,
14435,14435,1011,0.626915216,5-Digit ZCTA,1010,Z5,0.010477317,42.7038615,-77.670731,2941
13312,13312,353,0.725409101,5-Digit ZCTA,352,Z5,0.017482227,43.705041,-75.2432035,331
14005,14005,840,0.584207266,5-Digit ZCTA,839,Z5,0.008780582,42.913747,-78.2580285,1986
12428,12428,1598,0.924707888,5-Digit ZCTA,1597,Z5,0.016268288,41.74517,-74.45106,6602
10931,10931,1804,0.145217759,5-Digit ZCTA,1803,Z5,0.00064742,41.12542376,-74.16947001,1023
13431,13431,521,0.794335909,5-Digit ZCTA,520,Z5,0.010155999,43.21382,-75.0858565,2069
12139,12139,406,2.168006629,5-Digit ZCTA,405,Z5,0.052798216,43.4162235,-74.573991,295
133XX,133XX,425,0.151390669,5-Digit ZCTA,424,Z5,0.000809713,43.5014965,-74.769388,
136HH,136HH,275,0.746351902,5-Digit ZCTA,274,Z5,0.000403181,43.925564,-75.5709615,
13786,13786,1199,0.331578897,5-Digit ZCTA,1198,Z5,0.002764859,42.4626995,-74.7031345,464
11743,11743,2341,0.663206664,5-Digit ZCTA,2340,Z5,0.005256563,40.8981475,-73.43467551,
14414,14414,845,0.036114896,5-Digit ZCTA,844,Z5,4.34E-05,42.951013,-77.7245755,7142
11358,11358,2013,0.093321707,5-Digit ZCTA,2012,Z5,0.000553948,40.760891,-73.794228,37546
13744,13744,1333,0.590718598,5-Digit ZCTA,1332,Z5,0.003483123,42.2475065,-75.899907,1137
129HH,129HH,154,0.294762011,5-Digit ZCTA,153,Z5,9.21E-05,44.421521,-73.745807,
12045,12045,1201,0.082427753,5-Digit ZCTA,1200,Z5,0.00020659,42.4791795,-73.79695,584
12741,12741,1582,0.236279871,5-Digit ZCTA,1581,Z5,0.001198336,41.83617,-75.08041,351
137HH,137HH,1495,0.144545992,5-Digit ZCTA,1494,Z5,8.73E-05,42.091535,-75.214865,
14606,14606,601,0.221122419,5-Digit ZCTA,600,Z5,0.000932318,43.175562,-77.662126,
11366,11366,2089,0.091634685,5-Digit ZCTA,2088,Z5,0.000197751,40.727075,-73.7907705,13532
11566,11566,2186,0.021231013,5-Digit ZCTA,2185,Z5,2.45E-05,40.630402,-73.5460055,
12993,12993,196,1.004860931,5-Digit ZCTA,195,Z5,0.019242191,44.1891075,-73.485376,1623
13053,13053,1171,0.537205804,5-Digit ZCTA,1170,Z5,0.009884257,42.477712,-76.2700025,5015
13662,13662,42,0.032299928,5-Digit ZCTA,41,Z5,4.46E-05,44.911426,-75.1008325,
126HH,126HH,1633,0.223666512,5-Digit ZCTA,1632,Z5,5.48E-05,41.681943,-73.8609385,
13613,13613,35,0.724322513,5-Digit ZCTA,34,Z5,0.016114504,44.8524975,-74.71362,
12117,12117,614,0.027855347,5-Digit ZCTA,613,Z5,3.70E-05,43.177661,-74.166576,3256
12970,12970,140,0.028136194,5-Digit ZCTA,139,Z5,3.65E-05,44.4839105,-74.1467555,963
13613,13613,40,0.652028592,5-Digit ZCTA,39,Z5,0.007161244,44.8605885,-74.7973485,
10044,10044,2014,0.061610154,5-Digit ZCTA,2013,Z5,7.82E-05,40.762457,-73.950287,11661
14477,14477,476,0.595017147,5-Digit ZCTA,475,Z5,0.007641428,43.32843,-78.134507,1732
13350,13350,671,0.417552807,5-Digit ZCTA,670,Z5,0.00526809,43.076156,-75.006065,
12860,12860,349,0.538700577,5-Digit ZCTA,348,Z5,0.004896191,43.723258,-73.8079225,748
13334,13334,913,0.667965826,5-Digit ZCTA,912,Z5,0.008450215,42.826322,-75.643995,1374
12207,12207,1086,0.115037787,5-Digit ZCTA,1085,Z5,0.000259385,42.657529,-73.7451645,1948
128HH,128HH,296,0.463889024,5-Digit ZCTA,295,Z5,0.000709105,43.9140765,-74.575531,
12746,12746,1704,0.044377703,5-Digit ZCTA,1703,Z5,8.31E-05,41.466348,-74.6627045,
11777,11777,2332,0.182242154,5-Digit ZCTA,2331,Z5,0.001156414,40.95050671,-73.0627825,
12525,12525,1640,0.369896903,5-Digit ZCTA,1639,Z5,0.00143365,41.6634985,-74.150659,3311
123HH,123HH,916,0.648090114,5-Digit ZCTA,915,Z5,0.000441136,42.839202,-73.9423555,
13135,13135,500,0.490971755,5-Digit ZCTA,499,Z5,0.004763701,43.2617755,-76.3104995,
12063,12063,1158,0.079367679,5-Digit ZCTA,1157,Z5,0.000238778,42.553277,-73.6357515,444
11950,11950,1948,0.167457653,5-Digit ZCTA,1947,Z5,0.001147509,40.809794,-72.8460505,16268
14714,14714,1317,0.400967011,5-Digit ZCTA,1316,Z5,0.003404077,42.2991445,-78.2379295,487
13416,13416,548,0.697181611,5-Digit ZCTA,547,Z5,0.011843997,43.194195,-74.9641425,
12446,12446,1565,0.884728402,5-Digit ZCTA,1564,Z5,0.01959286,41.79542,-74.3088055,5061
133XX,133XX,257,1.268217159,5-Digit ZCTA,256,Z5,0.048283613,43.9835935,-75.0038815,
129HH,129HH,170,0.077429892,5-Digit ZCTA,169,Z5,0.000155911,44.365238,-74.290748,
12143,12143,1174,0.418401176,5-Digit ZCTA,1173,Z5,0.006020003,42.489701,-73.848524,5137
11957,11957,2438,0.413713839,5-Digit ZCTA,2437,Z5,0.00145387,41.13690938,-72.285693,743
12066,12066,934,0.672966227,5-Digit ZCTA,933,Z5,0.007468125,42.8068525,-74.344387,
12084,12084,1036,0.194822457,5-Digit ZCTA,1035,Z5,0.001065596,42.7051025,-73.899418,4271
12056,12056,992,0.486167443,5-Digit ZCTA,991,Z5,0.00554722,42.769725,-74.081549,2310
11793,11793,2235,0.241608933,5-Digit ZCTA,2234,Z5,0.000744409,40.5985525,-73.528721,
134HH,134HH,374,0.063182671,5-Digit ZCTA,373,Z5,0.000101261,43.677361,-74.992397,
11758,11758,2190,0.05260655,5-Digit ZCTA,2189,Z5,0.00012911,40.624251,-73.431218,
13650,13650,2265,0.687602276,5-Digit ZCTA,2264,Z5,0.011796245,43.798471,-76.2120426,1391
13350,13350,736,0.246454688,5-Digit ZCTA,735,Z5,0.003246457,43.0480485,-74.9529555,
120HH,120HH,966,0.403341745,5-Digit ZCTA,965,Z5,0.000568244,42.7913675,-73.722813,
12836,12836,337,0.62870061,5-Digit ZCTA,336,Z5,0.011863999,43.732424,-73.551077,574
11234,11234,2246,0.031488591,5-Digit ZCTA,2245,Z5,5.28E-05,40.599049,-73.857892,
10921,10921,1736,0.288852998,5-Digit ZCTA,1735,Z5,0.002650492,41.330047,-74.3676945,4135
11204,11204,2413,0.089185047,5-Digit ZCTA,2412,Z5,0.000434025,40.6209195,-73.9868295,78134
10451,10451,1950,0.08417373,5-Digit ZCTA,1949,Z5,0.000285072,40.819479,-73.9205865,45713
11758,11758,2219,0.163462814,5-Digit ZCTA,2218,Z5,0.000531478,40.60750348,-73.45432118,
13132,13132,503,0.427314745,5-Digit ZCTA,502,Z5,0.006712278,43.2621695,-76.2498395,
12578,12578,1586,0.531424323,5-Digit ZCTA,1585,Z5,0.00446668,41.809213,-73.7776075,2411
12149,12149,1074,0.821053655,5-Digit ZCTA,1073,Z5,0.011118412,42.6207215,-74.557338,2474
11563,11563,2146,0.108895617,5-Digit ZCTA,2145,Z5,0.000641357,40.6577525,-73.6730745,22666
105HH,105HH,1745,0.117675961,5-Digit ZCTA,1744,Z5,0.000302586,41.3293675,-73.623294,
130HH,130HH,587,0.11399048,5-Digit ZCTA,586,Z5,4.12E-05,43.205379,-75.6839655,
14004,14004,829,0.69010368,5-Digit ZCTA,828,Z5,0.014046172,42.9068415,-78.5014155,12704
116HH,116HH,2170,0.072664778,5-Digit ZCTA,2169,Z5,0.000180635,40.6366675,-73.835973,
14753,14753,1463,0.597766793,5-Digit ZCTA,1462,Z5,0.011202706,42.06256414,-78.60973169,1166
13080,13080,662,0.193195485,5-Digit ZCTA,661,Z5,0.001663025,43.11084,-76.5013225,
13348,13348,1007,0.710452847,5-Digit ZCTA,1006,Z5,0.010087417,42.698168,-75.0715015,1469
133HH,133HH,324,1.1966148,5-Digit ZCTA,323,Z5,0.000511975,43.729607,-75.3915945,
14012,14012,2271,0.559865273,5-Digit ZCTA,2270,Z5,0.009910946,43.3301025,-78.5340325,2362
12208,12208,1091,0.259468557,5-Digit ZCTA,1090,Z5,0.001313476,42.6498285,-73.807966,20702
10280,10280,2383,0.038072653,5-Digit ZCTA,2382,Z5,3.78E-05,40.70860021,-74.016418,7853
12473,12473,1327,0.473470463,5-Digit ZCTA,1326,Z5,0.006194897,42.273395,-74.0613025,861
12572,12572,1551,0.630217702,5-Digit ZCTA,1550,Z5,0.015552713,41.9252995,-73.8710895,9123
10973,10973,1728,0.273863531,5-Digit ZCTA,1727,Z5,0.00209153,41.385325,-74.476517,2126
13788,13788,1254,0.763728328,5-Digit ZCTA,1253,Z5,0.008583373,42.3522585,-74.6627355,991
14428,14428,650,0.709315618,5-Digit ZCTA,649,Z5,0.014894106,43.073584,-77.8659365,8096
109HH,109HH,1831,0.018473609,5-Digit ZCTA,1830,Z5,2.31E-05,41.057446,-73.984182,
12485,12485,1397,0.433189562,5-Digit ZCTA,1396,Z5,0.005862332,42.202559,-74.114538,865
11803,11803,1978,0.17611753,5-Digit ZCTA,1977,Z5,0.001677369,40.7820645,-73.473867,28127
13367,13367,298,2.296323519,5-Digit ZCTA,297,Z5,0.061648284,43.8233735,-75.1893485,
10510,10510,1794,0.302627751,5-Digit ZCTA,1793,Z5,0.00297608,41.1462045,-73.8305225,9988
133XX,133XX,346,0.096690427,5-Digit ZCTA,345,Z5,0.000364486,43.7616465,-75.7697885,
12017,12017,1305,0.331359224,5-Digit ZCTA,1304,Z5,0.004710117,42.30892998,-73.45616903,435
10037,10037,1964,0.03444925,5-Digit ZCTA,1963,Z5,6.41E-05,40.813505,-73.9373825,17416
10538,10538,2337,0.176714264,5-Digit ZCTA,2336,Z5,0.001021945,40.93382706,-73.75517998,16597
11965,11965,1821,0.094052392,5-Digit ZCTA,1820,Z5,0.000155789,41.07923246,-72.29393536,534
12985,12985,89,1.138400201,5-Digit ZCTA,88,Z5,0.022886845,44.5740485,-73.7039945,1072
10464,10464,1896,0.189852442,5-Digit ZCTA,1895,Z5,0.000747534,40.86850234,-73.80265591,
13473,13473,365,0.684218,5-Digit ZCTA,364,Z5,0.009497434,43.6490805,-75.4431315,766
14504,14504,826,0.09177171,5-Digit ZCTA,825,Z5,0.000376421,42.96824,-77.230412,1701
12863,12863,728,0.190302287,5-Digit ZCTA,727,Z5,0.001329954,43.0616775,-73.9318415,533
11370,11370,2012,0.074009266,5-Digit ZCTA,2011,Z5,0.000227365,40.7648475,-73.890445,
11741,11741,1949,0.241484793,5-Digit ZCTA,1948,Z5,0.002051317,40.798082,-73.0672015,27655
11777,11777,2331,0.033672721,5-Digit ZCTA,2330,Z5,3.26E-05,40.97118084,-73.08404937,8968
14085,14085,2302,0.247068475,5-Digit ZCTA,2301,Z5,0.001737518,42.7140045,-78.92966961,7353
14901,14901,1530,0.04079104,5-Digit ZCTA,1529,Z5,6.84E-05,42.0324225,-76.736396,16736
12770,12770,1705,0.307622512,5-Digit ZCTA,1704,Z5,0.001260992,41.4517305,-74.858107,296
13204,13204,740,0.234249455,5-Digit ZCTA,739,Z5,0.001383616,43.052566,-76.185447,19931
13355,13355,935,0.578473934,5-Digit ZCTA,934,Z5,0.006979559,42.809967,-75.416804,905
14207,14207,828,0.185572952,5-Digit ZCTA,827,Z5,0.001122207,42.951807,-78.8941085,
11780,11780,1872,0.428743546,5-Digit ZCTA,1871,Z5,0.003031596,40.89313,-73.1804915,
11730,11730,2072,0.282535244,5-Digit ZCTA,2071,Z5,0.002437188,40.7213785,-73.1701425,14712
12429,12429,1602,0.069971204,5-Digit ZCTA,1601,Z5,0.000284142,41.8169325,-73.9767345,281
10301,10301,2163,0.200490617,5-Digit ZCTA,2162,Z5,0.001047191,40.625789,-74.09387819,39706
10004,10004,2395,0.03520757,5-Digit ZCTA,2394,Z5,7.87E-05,40.6888125,-74.01879956,
14105,14105,518,0.8319042,5-Digit ZCTA,517,Z5,0.0125903,43.192704,-78.48709,4566
13428,13428,857,0.354734809,5-Digit ZCTA,856,Z5,0.004438119,42.9210465,-74.5453465,1635
13083,13083,364,0.702146433,5-Digit ZCTA,363,Z5,0.017152144,43.646099,-75.9802365,1809
10528,10528,2322,0.133667125,5-Digit ZCTA,2321,Z5,0.001056991,40.9795475,-73.7232035,12280
12308,12308,947,0.147528021,5-Digit ZCTA,946,Z5,0.000604645,42.8232855,-73.9202175,15335
13440,13440,513,1.171585414,5-Digit ZCTA,512,Z5,0.022306816,43.242119,-75.480925,
10577,10577,1828,0.216518449,5-Digit ZCTA,1827,Z5,0.001898866,41.038652,-73.716428,6552
131HH,131HH,444,0.364510221,5-Digit ZCTA,443,Z5,0.000326773,43.41956348,-76.48442521,
13339,13339,807,0.789638308,5-Digit ZCTA,806,Z5,0.021625118,42.9274925,-74.7165365,
12758,12758,1520,1.73518711,5-Digit ZCTA,1519,Z5,0.043846285,41.934442,-74.7339285,4042
128HH,128HH,277,0.134825524,5-Digit ZCTA,276,Z5,0.000267627,44.009206,-74.1294995,
133HH,133HH,293,0.993258986,5-Digit ZCTA,292,Z5,0.002806381,43.9051645,-74.944744,
14423,14423,823,0.029484054,5-Digit ZCTA,822,Z5,4.31E-05,42.9841555,-77.905134,4799
11719,11719,1980,0.207210386,5-Digit ZCTA,1979,Z5,0.001590898,40.780018,-72.910109,3589
105HH,105HH,1751,0.809869057,5-Digit ZCTA,1750,Z5,0.001361928,41.270644,-73.759498,
13812,13812,1531,0.304313398,5-Digit ZCTA,1530,Z5,0.003379368,42.01881421,-76.41104548,2348
14850,14850,1176,1.757069633,5-Digit ZCTA,1175,Z5,0.037233286,42.4072375,-76.515908,63886
14031,14031,762,0.470646203,5-Digit ZCTA,761,Z5,0.005101854,42.998608,-78.614699,9392
14613,14613,602,0.108576505,5-Digit ZCTA,601,Z5,0.00048394,43.181263,-77.6400755,14730
13661,13661,2266,0.829905741,5-Digit ZCTA,2265,Z5,0.014747768,43.719986,-76.0887225,1646
14825,14825,1496,0.379632882,5-Digit ZCTA,1495,Z5,0.00494065,42.05075804,-76.6139805,919
14726,14726,1322,0.090280058,5-Digit ZCTA,1321,Z5,0.000284454,42.318605,-78.9638185,2156
13601,13601,284,0.025847327,5-Digit ZCTA,283,Z5,4.01E-05,43.981028,-75.8616575,38158
13646,13646,104,1.732199388,5-Digit ZCTA,103,Z5,0.034223314,44.4484185,-75.69756384,
12009,12009,1023,0.923917621,5-Digit ZCTA,1022,Z5,0.014636999,42.6902815,-74.0225045,7164
13633,13633,109,0.551863199,5-Digit ZCTA,108,Z5,0.006120372,44.480655,-75.484926,345
13316,13316,389,1.596304637,5-Digit ZCTA,388,Z5,0.048853424,43.4455835,-75.763644,6460
12823,12823,584,0.240194061,5-Digit ZCTA,583,Z5,0.00150005,43.1785505,-73.411756,238
12450,12450,1406,0.373449734,5-Digit ZCTA,1405,Z5,0.005450719,42.162488,-74.2386125,183
134HH,134HH,788,0.293443604,5-Digit ZCTA,787,Z5,0.000135172,42.9949055,-74.69153,
14207,14207,838,0.020633341,5-Digit ZCTA,837,Z5,2.40E-05,42.955207,-78.92461,23552
14608,14608,612,0.125637275,5-Digit ZCTA,611,Z5,0.0004522,43.157513,-77.6238745,12268
115HH,115HH,2370,0.074763095,5-Digit ZCTA,2369,Z5,0.00017865,40.8372731,-73.73204764,
13464,13464,1032,0.706071223,5-Digit ZCTA,1031,Z5,0.011792836,42.677395,-75.623662,1189
12154,12154,805,0.901343163,5-Digit ZCTA,804,Z5,0.011589212,42.93153,-73.606609,
12885,12885,385,0.73369442,5-Digit ZCTA,384,Z5,0.006909936,43.571029,-73.895842,
11772,11772,1988,0.32235624,5-Digit ZCTA,1987,Z5,0.003809842,40.769898,-73.00044,44837
14502,14502,2289,0.723788554,5-Digit ZCTA,2288,Z5,0.010196151,43.108979,-77.322555,10691
10312,10312,2253,0.292063701,5-Digit ZCTA,2252,Z5,0.002244948,40.54772691,-74.178623,59304
13072,13072,962,0.56013355,5-Digit ZCTA,961,Z5,0.01072377,42.763822,-75.7589215,1123
11758,11758,2182,0.040564727,5-Digit ZCTA,2181,Z5,6.84E-05,40.633251,-73.47841,
14469,14469,871,0.708380614,5-Digit ZCTA,870,Z5,0.018213705,42.8651415,-77.466776,6220
14120,14120,689,0.538786265,5-Digit ZCTA,688,Z5,0.009288194,43.0708065,-78.8200575,
12431,12431,1265,0.553520264,5-Digit ZCTA,1264,Z5,0.00467562,42.3620735,-74.0162815,1381
14623,14623,747,0.034370833,5-Digit ZCTA,746,Z5,7.48E-05,43.0626915,-77.69365,27173
10314,10314,2417,0.340450968,5-Digit ZCTA,2416,Z5,0.003232195,40.5953575,-74.1544915,
14534,14534,714,0.512256426,5-Digit ZCTA,713,Z5,0.007455686,43.051063,-77.522067,
12565,12565,1366,0.180320693,5-Digit ZCTA,1365,Z5,0.000820359,42.2488375,-73.640879,1487
12858,12858,303,0.613527649,5-Digit ZCTA,302,Z5,0.003803079,43.9028,-73.6378665,
147HH,147HH,1436,2.087991188,5-Digit ZCTA,1435,Z5,0.002386388,42.08148615,-78.6583765,
12732,12732,1666,0.538767429,5-Digit ZCTA,1665,Z5,0.007021007,41.5498415,-74.882701,786
11771,11771,1881,0.097029782,5-Digit ZCTA,1880,Z5,0.000285408,40.899848,-73.5203175,10007
11691,11691,2416,0.058857713,5-Digit ZCTA,2415,Z5,0.00021846,40.615087,-73.7901535,
13842,13842,1245,0.440655726,5-Digit ZCTA,1244,Z5,0.00404144,42.3773775,-74.7261295,
13418,13418,929,0.332886372,5-Digit ZCTA,928,Z5,0.001910328,42.8393825,-75.3945245,255
124HH,124HH,1591,0.161921159,5-Digit ZCTA,1590,Z5,0.000602793,41.818518,-74.45679,
12060,12060,1200,0.725444297,5-Digit ZCTA,1199,Z5,0.010473897,42.418438,-73.48631482,1507
13039,13039,592,0.398370937,5-Digit ZCTA,591,Z5,0.00436056,43.1719095,-76.068614,17537
120HH,120HH,1240,0.034891424,5-Digit ZCTA,1239,Z5,2.21E-05,42.431218,-74.4527145,
10029,10029,1984,0.074371571,5-Digit ZCTA,1983,Z5,0.00025566,40.791758,-73.943935,76003
14870,14870,1315,1.269079833,5-Digit ZCTA,1314,Z5,0.01823218,42.1911315,-77.1269205,9821
13406,13406,622,0.296513263,5-Digit ZCTA,621,Z5,0.002279625,43.144996,-74.932386,725
11356,11356,1990,0.09997482,5-Digit ZCTA,1989,Z5,0.000416615,40.783301,-73.8412575,23438
14478,14478,1137,0.236154072,5-Digit ZCTA,1136,Z5,0.002352716,42.546919,-77.1263755,
12493,12493,1601,0.220412094,5-Digit ZCTA,1600,Z5,0.001828943,41.7972845,-73.981502,495
14103,14103,511,0.968137866,5-Digit ZCTA,510,Z5,0.023799968,43.2175985,-78.3747395,11183
13778,13778,1236,1.603982097,5-Digit ZCTA,1235,Z5,0.029015359,42.346511,-75.7546435,5948
11569,11569,2217,0.03208922,5-Digit ZCTA,2216,Z5,2.39E-05,40.615452,-73.579322,
12785,12785,1686,0.215028833,5-Digit ZCTA,1685,Z5,0.000555395,41.520998,-74.589099,1024
133XX,133XX,278,0.140290825,5-Digit ZCTA,277,Z5,0.000755978,43.997249,-75.2416275,
13777,13777,1352,0.385758241,5-Digit ZCTA,1351,Z5,0.002877012,42.246714,-75.998817,727
10548,10548,1769,0.199100164,5-Digit ZCTA,1768,Z5,0.000798905,41.251246,-73.9433195,3487
14305,14305,2290,0.283091725,5-Digit ZCTA,2289,Z5,0.002296324,43.129455,-79.01839093,16898
109HH,109HH,1789,0.086620774,5-Digit ZCTA,1788,Z5,0.000132736,41.203494,-74.1346885,
12952,12952,71,0.570234603,5-Digit ZCTA,70,Z5,0.005968933,44.709298,-73.905593,546
12464,12464,1475,0.696652234,5-Digit ZCTA,1474,Z5,0.014571595,42.0340465,-74.3523815,1020
13437,13437,423,0.02986621,5-Digit ZCTA,422,Z5,3.27E-05,43.53489,-75.868929,460
13865,13865,1462,0.58840963,5-Digit ZCTA,1461,Z5,0.013805515,42.0627583,-75.572946,
11361,11361,2011,0.112820236,5-Digit ZCTA,2010,Z5,0.000536372,40.763785,-73.770799,28606
14824,14824,1336,0.510696221,5-Digit ZCTA,1335,Z5,0.007358208,42.272582,-76.7032485,678
13145,13145,376,0.338577427,5-Digit ZCTA,375,Z5,0.004598081,43.648696,-76.1230865,1926
11758,11758,2102,0.227591453,5-Digit ZCTA,2101,Z5,0.001891288,40.6827005,-73.4678185,
125XX,125XX,1719,0.329923145,5-Digit ZCTA,1718,Z5,0.002342902,41.3808455,-74.02234,
12117,12117,562,0.575749758,5-Digit ZCTA,561,Z5,0.012848862,43.160229,-74.246751,
12962,12962,79,0.493081259,5-Digit ZCTA,78,Z5,0.005981956,44.665687,-73.5853285,5499
138HH,138HH,1474,0.242424594,5-Digit ZCTA,1473,Z5,0.000716651,42.101242,-75.2766885,
13732,13732,1493,0.529115882,5-Digit ZCTA,1492,Z5,0.008751169,42.0504084,-76.175059,
129HH,129HH,106,0.082747626,5-Digit ZCTA,105,Z5,0.000145476,44.5581405,-74.073625,
12158,12158,1135,0.691020848,5-Digit ZCTA,1134,Z5,0.008284106,42.5357105,-73.8328055,6309
13408,13408,809,0.698674861,5-Digit ZCTA,808,Z5,0.010492156,42.929628,-75.670645,4280
13143,13143,2274,0.729842417,5-Digit ZCTA,2273,Z5,0.012854368,43.24125758,-76.7092745,2873
10595,10595,1812,0.281520131,5-Digit ZCTA,1811,Z5,0.00148645,41.0875935,-73.7855475,
128HH,128HH,479,0.065876742,5-Digit ZCTA,478,Z5,0.000148809,43.3643625,-73.6729965,
13461,13461,716,0.21219485,5-Digit ZCTA,715,Z5,0.000992586,43.074232,-75.5827915,3083
12421,12421,1301,0.571148124,5-Digit ZCTA,1300,Z5,0.010370524,42.2830145,-74.5217165,470
10580,10580,2321,0.275452255,5-Digit ZCTA,2320,Z5,0.002435253,40.97555342,-73.6933695,
13341,13341,766,0.033276815,5-Digit ZCTA,765,Z5,4.29E-05,43.036437,-75.3956745,102
12835,12835,520,0.483657721,5-Digit ZCTA,519,Z5,0.008563815,43.2305265,-74.019325,2603
12410,12410,1435,0.705607179,5-Digit ZCTA,1434,Z5,0.015019004,42.0755805,-74.463678,397
13122,13122,915,0.555323207,5-Digit ZCTA,914,Z5,0.005632774,42.838498,-75.836496,1174
12843,12843,394,0.624584672,5-Digit ZCTA,393,Z5,0.012898526,43.579637,-73.974615,600
138HH,138HH,1460,0.49202854,5-Digit ZCTA,1459,Z5,0.000283084,42.06328415,-75.6269345,
136HH,136HH,163,0.054519945,5-Digit ZCTA,162,Z5,9.61E-05,44.388004,-75.6037505,
128HH,128HH,409,0.087565893,5-Digit ZCTA,408,Z5,0.000116867,43.59058,-74.6224665,
10454,10454,1966,0.073328011,5-Digit ZCTA,1965,Z5,0.000294477,40.8055795,-73.9168685,37337
14218,14218,2300,0.303667576,5-Digit ZCTA,2299,Z5,0.002014718,42.817098,-78.8223545,
13206,13206,715,0.208986015,5-Digit ZCTA,714,Z5,0.001223796,43.0735165,-76.110495,16443
12115,12115,1202,0.322263655,5-Digit ZCTA,1201,Z5,0.001602426,42.4612445,-73.5725255,189
147XX,147XX,1445,1.339738447,5-Digit ZCTA,1444,Z5,0.013912341,42.074621,-78.7938095,
13215,13215,779,0.609210412,5-Digit ZCTA,778,Z5,0.01016868,42.973214,-76.2246485,15245
14033,14033,1063,0.402535182,5-Digit ZCTA,1062,Z5,0.00520197,42.6577635,-78.6872755,2219
12095,12095,705,1.101256482,5-Digit ZCTA,704,Z5,0.017122509,43.0308815,-74.3977575,12606
113HH,113HH,1977,0.394290029,5-Digit ZCTA,1976,Z5,0.00128026,40.7756255,-73.836373,
14208,14208,880,0.072182565,5-Digit ZCTA,879,Z5,0.000324525,42.915807,-78.8515065,11125
105HH,105HH,2350,0.030153743,5-Digit ZCTA,2349,Z5,2.49E-05,40.91276361,-73.757926,
11710,11710,2118,0.18847264,5-Digit ZCTA,2117,Z5,0.001310618,40.6726005,-73.537692,34496
129XX,129XX,129,0.018013921,5-Digit ZCTA,128,Z5,2.19E-05,44.5133825,-74.397451,
14042,14042,1175,0.713460267,5-Digit ZCTA,1174,Z5,0.012693342,42.4681285,-78.476885,3969
12515,12515,1635,0.141583465,5-Digit ZCTA,1634,Z5,0.001075467,41.679993,-74.0650525,1549
13746,13746,1343,0.173964024,5-Digit ZCTA,1342,Z5,0.000757944,42.282955,-75.739413,
10306,10306,2247,0.334552846,5-Digit ZCTA,2246,Z5,0.002205347,40.566036,-74.1255865,55909
12842,12842,379,0.027548525,5-Digit ZCTA,378,Z5,3.72E-05,43.6710325,-74.34319,1166
11968,11968,1852,1.123666135,5-Digit ZCTA,1851,Z5,0.007552419,40.91381509,-72.413578,
12470,12470,1341,0.200521581,5-Digit ZCTA,1340,Z5,0.001356746,42.289611,-74.032106,536
13754,13754,1416,1.175178593,5-Digit ZCTA,1415,Z5,0.02059284,42.09679641,-75.442384,
14006,14006,2305,0.642863872,5-Digit ZCTA,2304,Z5,0.007928645,42.6365365,-79.02782208,9858
131HH,131HH,417,0.072034891,5-Digit ZCTA,416,Z5,6.39E-05,43.552306,-75.908178,
13104,13104,756,0.818984348,5-Digit ZCTA,755,Z5,0.013498865,42.962258,-75.955249,15567
13640,13640,212,0.044606263,5-Digit ZCTA,211,Z5,9.94E-05,44.2896165,-76.050613,
11219,11219,2165,0.089050352,5-Digit ZCTA,2164,Z5,0.000416923,40.633157,-73.9966595,92221
11570,11570,2133,0.190586381,5-Digit ZCTA,2132,Z5,0.001009474,40.6665525,-73.6394235,26646
12495,12495,1480,0.203559765,5-Digit ZCTA,1479,Z5,0.00206133,42.0815275,-74.2471705,265
12443,12443,1553,0.37377849,5-Digit ZCTA,1552,Z5,0.004689913,41.9373785,-74.087841,3825
13624,13624,216,0.036029535,5-Digit ZCTA,215,Z5,5.69E-05,44.28110894,-76.06605692,
148HH,148HH,1111,0.61980169,5-Digit ZCTA,1110,Z5,0.007494407,42.4960035,-76.888644,
11733,11733,2333,0.54817167,5-Digit ZCTA,2332,Z5,0.003264504,40.92870203,-73.1086455,18949
14580,14580,2282,0.57218798,5-Digit ZCTA,2281,Z5,0.012785546,43.2192552,-77.451014,50587
13365,13365,768,0.407026962,5-Digit ZCTA,767,Z5,0.006622695,42.9933465,-74.829154,8906
10598,10598,1739,0.558583129,5-Digit ZCTA,1738,Z5,0.007223925,41.2863905,-73.790788,28647
13033,13033,544,0.89004632,5-Digit ZCTA,543,Z5,0.018915564,43.1911585,-76.5848225,3556
14424,14424,856,1.358765098,5-Digit ZCTA,855,Z5,0.03698789,42.8326395,-77.308492,27007
12970,12970,113,1.990258862,5-Digit ZCTA,112,Z5,0.027387221,44.452542,-74.2940105,
13368,13368,372,0.254336701,5-Digit ZCTA,371,Z5,0.001322582,43.646946,-75.377649,
13486,13486,465,0.860731918,5-Digit ZCTA,464,Z5,0.007628378,43.339606,-75.36954,
13607,13607,171,0.34206591,5-Digit ZCTA,170,Z5,0.002667779,44.3325205,-75.8850155,
11422,11422,2140,0.490881185,5-Digit ZCTA,2139,Z5,0.001741698,40.652495,-73.777892,30425
105HH,105HH,1798,0.034024086,5-Digit ZCTA,1797,Z5,5.61E-05,41.1693605,-73.691945,
14837,14837,1144,0.904276642,5-Digit ZCTA,1143,Z5,0.022801668,42.491308,-77.015604,1009
11106,11106,2025,0.064334654,5-Digit ZCTA,2024,Z5,0.000236242,40.7603655,-73.9309845,38875
11436,11436,2138,0.063733049,5-Digit ZCTA,2137,Z5,0.000231925,40.675283,-73.7973315,17949
10455,10455,1961,0.063681623,5-Digit ZCTA,1960,Z5,0.000196663,40.815029,-73.9082055,39665
11558,11558,2239,0.025565581,5-Digit ZCTA,2238,Z5,2.66E-05,40.606253,-73.6719745,
13144,13144,404,0.703592462,5-Digit ZCTA,403,Z5,0.011340989,43.5657225,-75.9803335,1531
11786,11786,1863,0.219750238,5-Digit ZCTA,1862,Z5,0.001482583,40.93883083,-72.887458,6344
128HH,128HH,326,1.930164035,5-Digit ZCTA,325,Z5,0.000880534,43.58345,-74.0092565,
128HH,128HH,422,0.083210034,5-Digit ZCTA,421,Z5,0.00013636,43.5254805,-74.0220305,
12792,12792,1688,0.052497878,5-Digit ZCTA,1687,Z5,0.000138367,41.5304095,-74.9516395,335
125HH,125HH,1712,0.041141377,5-Digit ZCTA,1711,Z5,4.82E-05,41.4448635,-74.11604,
13679,13679,166,1.382949611,5-Digit ZCTA,165,Z5,0.018694398,44.315531,-75.7350115,
12424,12424,1362,0.433063316,5-Digit ZCTA,1361,Z5,0.006075407,42.2458075,-74.154874,250
119HH,119HH,2440,0.192631673,5-Digit ZCTA,2439,Z5,0.000453133,41.130418,-72.274173,
10552,10552,1870,0.109000378,5-Digit ZCTA,1869,Z5,0.00047812,40.9225985,-73.8246115,19786
14546,14546,709,0.758029928,5-Digit ZCTA,708,Z5,0.011163871,43.0243625,-77.7768645,4695
12411,12411,1572,0.097035926,5-Digit ZCTA,1571,Z5,0.000129423,41.870917,-74.0403665,497
11758,11758,2117,0.188617818,5-Digit ZCTA,2116,Z5,0.000629659,40.6782505,-73.4373175,
11721,11721,1883,0.202927444,5-Digit ZCTA,1882,Z5,0.000673628,40.8943475,-73.3709625,6292
11208,11208,2128,0.161996195,5-Digit ZCTA,2127,Z5,0.00095022,40.6694325,-73.8724905,94469
129HH,129HH,159,0.077198177,5-Digit ZCTA,158,Z5,0.000148332,44.415055,-73.997285,
11784,11784,1892,0.192933345,5-Digit ZCTA,1891,Z5,0.001607076,40.870719,-73.0366335,24655
12739,12739,1709,0.25432079,5-Digit ZCTA,1708,Z5,0.001090898,41.4310845,-74.60466,
10570,10570,1802,0.333358874,5-Digit ZCTA,1801,Z5,0.001940279,41.125267,-73.7914895,12680
11518,11518,2159,0.091584582,5-Digit ZCTA,2158,Z5,0.00040245,40.6384095,-73.666724,10549
105HH,105HH,1702,0.051311103,5-Digit ZCTA,1701,Z5,0.000106177,41.4677755,-73.5400695,
137HH,137HH,1332,0.548015548,5-Digit ZCTA,1331,Z5,0.000218512,42.2556885,-75.5079395,
13131,13131,440,0.778061633,5-Digit ZCTA,439,Z5,0.015167962,43.426016,-76.098963,3895
10020,10020,2045,0.009527397,5-Digit ZCTA,2044,Z5,4.34E-06,40.758439,-73.9794325,
136HH,136HH,110,0.324486656,5-Digit ZCTA,109,Z5,0.000385643,44.531114,-74.914502,
12986,12986,197,2.167695274,5-Digit ZCTA,196,Z5,0.041088032,44.2033875,-74.4972275,
11207,11207,2129,0.160342192,5-Digit ZCTA,2128,Z5,0.00075538,40.6701935,-73.8944225,93386
12094,12094,821,0.27093906,5-Digit ZCTA,820,Z5,0.002034243,42.953758,-73.497215,
13140,13140,732,0.655380327,5-Digit ZCTA,731,Z5,0.009068126,43.0165475,-76.6554615,
14881,14881,1258,0.147317767,5-Digit ZCTA,1257,Z5,0.000860658,42.401465,-76.3516035,192
11001,11001,2085,0.139300229,5-Digit ZCTA,2084,Z5,0.000744261,40.722997,-73.706694,26883
131HH,131HH,540,0.228814497,5-Digit ZCTA,539,Z5,0.000150348,43.229743,-76.317713,
133XX,133XX,411,0.144143275,5-Digit ZCTA,410,Z5,0.001053119,43.562968,-75.6135735,
12065,12065,882,0.729499488,5-Digit ZCTA,881,Z5,0.010027548,42.8570765,-73.7943025,41776
13148,13148,810,0.085624242,5-Digit ZCTA,809,Z5,0.000226429,42.9887995,-76.728545,10750
14802,14802,1367,0.091782975,5-Digit ZCTA,1366,Z5,0.000330964,42.2541325,-77.790682,4135
12865,12865,509,1.091822891,5-Digit ZCTA,508,Z5,0.016269123,43.209409,-73.3430485,3663
13477,13477,738,0.50494357,5-Digit ZCTA,737,Z5,0.005980702,43.0298335,-75.5229345,1452
14724,14724,1469,0.836225955,5-Digit ZCTA,1468,Z5,0.021981113,42.05956646,-79.6448935,2540
12784,12784,1650,0.112651754,5-Digit ZCTA,1649,Z5,0.00043075,41.667259,-74.617885,
131HH,131HH,532,0.440033237,5-Digit ZCTA,531,Z5,0.00011755,43.2369055,-76.2350935,
14201,14201,896,0.150996764,5-Digit ZCTA,895,Z5,0.000323293,42.892557,-78.8873075,11549
12037,12037,1268,0.700953546,5-Digit ZCTA,1267,Z5,0.010675511,42.345583,-73.554942,4015
104HH,104HH,1899,0.168150103,5-Digit ZCTA,1898,Z5,0.000236922,40.8598129,-73.81197912,
11702,11702,2105,0.140944722,5-Digit ZCTA,2104,Z5,0.00084076,40.696149,-73.3278635,
14555,14555,2283,0.223300441,5-Digit ZCTA,2282,Z5,0.000884141,43.254851,-76.996733,
13433,13433,400,0.37504777,5-Digit ZCTA,399,Z5,0.001836471,43.566992,-75.3484105,1820
125HH,125HH,1680,0.05772287,5-Digit ZCTA,1679,Z5,0.000188652,41.5487645,-74.1035495,
12822,12822,502,0.89902892,5-Digit ZCTA,501,Z5,0.018871482,43.249242,-73.8624535,6200
10307,10307,2259,0.083226018,5-Digit ZCTA,2258,Z5,0.000463549,40.50831272,-74.24208791,14096
116HH,116HH,2430,0.042064109,5-Digit ZCTA,2429,Z5,3.24E-05,40.59034843,-73.74556834,
134HH,134HH,459,0.215358479,5-Digit ZCTA,458,Z5,0.000163408,43.401755,-75.1676645,
14054,14054,841,0.668998104,5-Digit ZCTA,840,Z5,0.008375593,42.8899785,-78.127598,1344
14750,14750,1481,0.309612406,5-Digit ZCTA,1480,Z5,0.003409955,42.0771035,-79.331252,4426
14880,14880,1383,0.928005982,5-Digit ZCTA,1382,Z5,0.013652367,42.1666985,-77.964218,1668
13863,13863,1204,0.439295411,5-Digit ZCTA,1203,Z5,0.004041405,42.45081,-75.9079595,688
14066,14066,1064,0.792673241,5-Digit ZCTA,1063,Z5,0.010319185,42.6086005,-78.204597,1318
11703,11703,2069,0.115882351,5-Digit ZCTA,2068,Z5,0.000864334,40.7321985,-73.3253635,16415
11577,11577,1981,0.165101053,5-Digit ZCTA,1980,Z5,0.000835904,40.78515,-73.6415225,12337
13409,13409,769,0.548001364,5-Digit ZCTA,768,Z5,0.009251693,42.9632775,-75.6007715,2374
103HH,103HH,2258,0.048059777,5-Digit ZCTA,2257,Z5,0.000126258,40.54006802,-74.13617688,
11978,11978,2443,0.61659177,5-Digit ZCTA,2442,Z5,0.000878865,40.8036195,-72.61521547,
12983,12983,204,0.020695672,5-Digit ZCTA,203,Z5,2.94E-05,44.3044565,-74.3171065,7494
12887,12887,396,0.776333228,5-Digit ZCTA,395,Z5,0.01978846,43.5425335,-73.3648565,
13732,13732,1507,0.031492901,5-Digit ZCTA,1506,Z5,3.82E-05,42.084824,-76.2120525,8153
11702,11702,2206,0.022143415,5-Digit ZCTA,2205,Z5,2.33E-05,40.621701,-73.4203175,
12920,12920,17,0.814612948,5-Digit ZCTA,16,Z5,0.018426103,44.89418058,-74.06911534,2842
130HH,130HH,550,0.569649197,5-Digit ZCTA,549,Z5,0.012180633,43.2019145,-75.980044,
11756,11756,2076,0.188256071,5-Digit ZCTA,2075,Z5,0.001529581,40.7228,-73.5170195,42791
12842,12842,325,2.018943291,5-Digit ZCTA,324,Z5,0.057580154,43.738001,-74.300524,
11435,11435,2103,0.112427693,5-Digit ZCTA,2102,Z5,0.000411941,40.7001325,-73.810088,53687
13697,13697,61,0.412500801,5-Digit ZCTA,60,Z5,0.004728274,44.7517735,-74.7367975,2281
129HH,129HH,132,0.194745458,5-Digit ZCTA,131,Z5,0.000632477,44.4729795,-73.9408725,
10031,10031,1943,0.06218928,5-Digit ZCTA,1942,Z5,0.000165235,40.827186,-73.9488155,56438
12809,12809,495,0.770326108,5-Digit ZCTA,494,Z5,0.016240607,43.2408085,-73.4604785,3528
13036,13036,458,0.824194444,5-Digit ZCTA,457,Z5,0.012080045,43.3273255,-76.1723295,
135HH,135HH,691,0.132072226,5-Digit ZCTA,690,Z5,3.87E-05,43.111169,-75.204607,
12138,12138,952,1.294847145,5-Digit ZCTA,951,Z5,0.027035271,42.72401189,-73.392756,3168
12018,12018,1035,1.07786644,5-Digit ZCTA,1034,Z5,0.013985648,42.623179,-73.5288455,7930
128HH,128HH,318,0.198852431,5-Digit ZCTA,317,Z5,0.00040368,43.8858715,-73.69227,
131HH,131HH,426,0.042338299,5-Digit ZCTA,425,Z5,7.58E-05,43.5271145,-75.961966,
10027,10027,1960,0.096123872,5-Digit ZCTA,1959,Z5,0.000286442,40.8114255,-73.95296,59707
11010,11010,2106,0.122404722,5-Digit ZCTA,2105,Z5,0.000708523,40.7000515,-73.675024,23821
11232,11232,2401,0.113666718,5-Digit ZCTA,2400,Z5,0.000381971,40.6570235,-74.00868239,28265
136HH,136HH,176,0.184438607,5-Digit ZCTA,175,Z5,0.000231124,44.34799914,-75.95656475,
10805,10805,1884,0.143243025,5-Digit ZCTA,1883,Z5,0.000378542,40.898899,-73.78009911,
14108,14108,2437,0.49888334,5-Digit ZCTA,2436,Z5,0.007968697,43.264056,-78.7252565,5882
14847,14847,1089,0.575183239,5-Digit ZCTA,1088,Z5,0.011257563,42.60653,-76.7290905,2398
13656,13656,208,0.922574103,5-Digit ZCTA,207,Z5,0.02466202,44.198796,-75.9609165,2861
10024,10024,1967,0.130756274,5-Digit ZCTA,1966,Z5,0.000293506,40.7957925,-73.9729265,59283
12513,12513,1392,0.045133575,5-Digit ZCTA,1391,Z5,9.96E-05,42.228708,-73.7419325,651
11702,11702,2449,0.0267915,5-Digit ZCTA,2448,Z5,3.66E-05,40.651523,-73.229753,
13413,13413,704,0.053312688,5-Digit ZCTA,703,Z5,0.00012246,43.094769,-75.28051,16135
10474,10474,1959,0.091847373,5-Digit ZCTA,1958,Z5,0.000411473,40.8115295,-73.8855935,12281
10550,10550,1873,0.140875918,5-Digit ZCTA,1872,Z5,0.000556531,40.908488,-73.8346205,37144
11569,11569,2231,0.036967643,5-Digit ZCTA,2230,Z5,6.39E-05,40.610653,-73.618373,
12494,12494,1544,0.375052151,5-Digit ZCTA,1543,Z5,0.003478949,41.966232,-74.293245,764
11747,11747,1963,0.319283877,5-Digit ZCTA,1962,Z5,0.003569208,40.7858545,-73.4061605,19803
14719,14719,1226,1.131968965,5-Digit ZCTA,1225,Z5,0.026139733,42.343438,-78.8792375,3497
12165,12165,1323,0.194771159,5-Digit ZCTA,1322,Z5,0.001256747,42.3087305,-73.507874,175
13811,13811,1350,1.050639807,5-Digit ZCTA,1349,Z5,0.016948222,42.2329645,-76.1719225,4354
13733,13733,1281,1.032233232,5-Digit ZCTA,1280,Z5,0.015618077,42.3227875,-75.5140675,
136HH,136HH,259,0.03686416,5-Digit ZCTA,258,Z5,2.78E-05,44.0842915,-76.3041835,
12513,12513,1391,0.121104414,5-Digit ZCTA,1390,Z5,0.000512705,42.2242435,-73.7212535,
13850,13850,1477,0.513571735,5-Digit ZCTA,1476,Z5,0.014709295,42.056716,-76.0277905,22004
14612,14612,546,0.024288136,5-Digit ZCTA,545,Z5,2.23E-05,43.251462,-77.74683,34515
13076,13076,469,0.349952199,5-Digit ZCTA,468,Z5,0.004820639,43.3544735,-76.149861,2393
12583,12583,1522,0.069469066,5-Digit ZCTA,1521,Z5,8.37E-05,42.0517225,-73.80779,2451
13833,13833,1380,0.567134402,5-Digit ZCTA,1379,Z5,0.010178126,42.195628,-75.763884,4255
12416,12416,1478,0.101725864,5-Digit ZCTA,1477,Z5,0.000347616,42.1029555,-74.2904345,277
133XX,133XX,391,0.362888613,5-Digit ZCTA,390,Z5,0.003169257,43.6198135,-75.716924,
14211,14211,883,0.220238067,5-Digit ZCTA,882,Z5,0.001005793,42.908057,-78.8190555,22611
11558,11558,2230,0.028517888,5-Digit ZCTA,2229,Z5,3.19E-05,40.612053,-73.661974,
12306,12306,973,0.027225099,5-Digit ZCTA,972,Z5,3.13E-05,42.817326,-73.967619,
11225,11225,2400,0.112091474,5-Digit ZCTA,2399,Z5,0.000388807,40.6615935,-73.958304,56829
11566,11566,2124,0.251979494,5-Digit ZCTA,2123,Z5,0.001717017,40.6632295,-73.552771,
13101,13101,1083,0.729771328,5-Digit ZCTA,1082,Z5,0.010085369,42.6007925,-76.0681605,2508
14174,14174,526,0.448218387,5-Digit ZCTA,525,Z5,0.007081917,43.240654,-79.001417,5794
134HH,134HH,367,0.113265642,5-Digit ZCTA,366,Z5,0.000316609,43.68923,-74.920916,
11419,11419,2125,0.074789969,5-Digit ZCTA,2124,Z5,0.000313183,40.6875295,-73.8227085,47211
12566,12566,1641,0.776307926,5-Digit ZCTA,1640,Z5,0.017147507,41.618228,-74.344329,10753
12463,12463,1405,0.200250188,5-Digit ZCTA,1404,Z5,0.001826343,42.189875,-74.0153305,1484
13112,13112,638,0.183315872,5-Digit ZCTA,637,Z5,0.001715036,43.133142,-76.453191,
14871,14871,1467,0.818668043,5-Digit ZCTA,1466,Z5,0.015986004,42.06227362,-76.90608467,5456
11743,11743,1920,0.179541574,5-Digit ZCTA,1919,Z5,0.001022415,40.844348,-73.3571125,42230
14726,14726,1324,0.779679476,5-Digit ZCTA,1323,Z5,0.01124608,42.251268,-79.030885,
13639,13639,206,0.343113214,5-Digit ZCTA,205,Z5,0.004289448,44.27052,-75.141103,243
12302,12302,855,0.651238939,5-Digit ZCTA,854,Z5,0.012651606,42.8822255,-73.991039,
11360,11360,1991,0.117542598,5-Digit ZCTA,1990,Z5,0.000450096,40.78214179,-73.7785205,18884
12550,12550,1675,0.587981668,5-Digit ZCTA,1674,Z5,0.00955927,41.537514,-74.051225,54447
13693,13693,2261,0.710545549,5-Digit ZCTA,2260,Z5,0.005835949,44.04734452,-76.23470912,503
12986,12986,165,1.328897758,5-Digit ZCTA,164,Z5,0.02599204,44.296952,-74.5419205,
13141,13141,943,0.584163049,5-Digit ZCTA,942,Z5,0.005058024,42.7727975,-76.1971965,596
14897,14897,1505,0.477917678,5-Digit ZCTA,1504,Z5,0.006774328,42.043321,-77.8091095,980
14216,14216,836,0.191556448,5-Digit ZCTA,835,Z5,0.000786398,42.946157,-78.861607,22431
11937,11937,2313,0.203494527,5-Digit ZCTA,2312,Z5,0.00143494,41.0845795,-72.112048,15398
13748,13748,1500,0.467522517,5-Digit ZCTA,1499,Z5,0.003258622,42.04639513,-75.8224185,
10003,10003,2083,0.05419749,5-Digit ZCTA,2082,Z5,0.000151918,40.731881,-73.98985,56024
119HH,119HH,1817,0.14009768,5-Digit ZCTA,1816,Z5,0.000549174,41.0760905,-72.3015415,
12953,12953,32,1.715991612,5-Digit ZCTA,31,Z5,0.059363903,44.7456695,-74.256961,15836
14559,14559,593,0.447185337,5-Digit ZCTA,592,Z5,0.006693016,43.1666815,-77.8262315,
13167,13167,468,0.650471854,5-Digit ZCTA,467,Z5,0.009867859,43.315072,-76.0468765,
11005,11005,2048,0.033431119,5-Digit ZCTA,2047,Z5,4.90E-05,40.754701,-73.7137645,1806
13616,13616,269,0.259570038,5-Digit ZCTA,268,Z5,0.001837134,44.0299355,-75.8584715,1880
13803,13803,1160,1.288129073,5-Digit ZCTA,1159,Z5,0.025611861,42.4571845,-76.0688675,3975
11956,11956,1850,0.043890834,5-Digit ZCTA,1849,Z5,8.78E-05,40.995524,-72.4769695,349
11980,11980,1915,0.297867968,5-Digit ZCTA,1914,Z5,0.003259558,40.832714,-72.9210525,4990
13211,13211,692,0.232829344,5-Digit ZCTA,691,Z5,0.001386247,43.106513,-76.1206955,6517
12189,12189,1012,0.203990489,5-Digit ZCTA,1011,Z5,0.002007385,42.735328,-73.7213885,17568
14867,14867,1259,0.688978292,5-Digit ZCTA,1258,Z5,0.01858305,42.348355,-76.6098515,5569
14757,14757,2310,0.887057679,5-Digit ZCTA,2309,Z5,0.013550151,42.240097,-79.5130875,3487
11423,11423,2092,0.099617615,5-Digit ZCTA,2091,Z5,0.000435,40.717621,-73.767502,29987
12198,12198,1050,0.473305677,5-Digit ZCTA,1049,Z5,0.004204121,42.676029,-73.6337615,7903
13905,13905,1368,0.660821627,5-Digit ZCTA,1367,Z5,0.007025489,42.176091,-75.9508435,28026
14735,14735,1248,0.024846651,5-Digit ZCTA,1247,Z5,3.38E-05,42.4211245,-78.145149,2751
12545,12545,1577,1.01599712,5-Digit ZCTA,1576,Z5,0.016412695,41.766925,-73.659548,4763
13146,13146,616,0.552496271,5-Digit ZCTA,615,Z5,0.014460901,43.1002635,-76.765087,2443
14882,14882,1114,0.585235787,5-Digit ZCTA,1113,Z5,0.009400511,42.573952,-76.5575915,3826
13665,13665,252,0.753211103,5-Digit ZCTA,251,Z5,0.011191718,44.04095,-75.455558,882
130HH,130HH,647,0.264191805,5-Digit ZCTA,646,Z5,0.000515741,43.1157495,-76.4931555,
10547,10547,1746,0.205841232,5-Digit ZCTA,1745,Z5,0.001730957,41.312757,-73.8507875,7647
12027,12027,847,0.298031429,5-Digit ZCTA,846,Z5,0.002585691,42.921426,-73.909568,3882
14709,14709,1244,0.72307546,5-Digit ZCTA,1243,Z5,0.01279352,42.349997,-77.994322,1535
13361,13361,850,0.820252753,5-Digit ZCTA,849,Z5,0.007629432,42.902946,-74.8822155,824
131HH,131HH,948,0.233033707,5-Digit ZCTA,947,Z5,0.00100412,42.7973965,-76.492955,
134HH,134HH,350,0.442854327,5-Digit ZCTA,349,Z5,0.001328035,43.73619,-74.890584,
14767,14767,1472,0.84793098,5-Digit ZCTA,1471,Z5,0.013701333,42.05857,-79.5015985,2088
13635,13635,172,0.586854644,5-Digit ZCTA,171,Z5,0.013979589,44.301667,-75.2683395,1092
14712,14712,1398,0.5612148,5-Digit ZCTA,1397,Z5,0.007695078,42.1721895,-79.3674725,3342
13807,13807,1090,0.674080754,5-Digit ZCTA,1089,Z5,0.006725433,42.598333,-74.992792,1199
136HH,136HH,120,0.06851418,5-Digit ZCTA,119,Z5,9.96E-05,44.524687,-74.8675455,
130HH,130HH,988,0.467405274,5-Digit ZCTA,987,Z5,0.004456672,42.7152655,-76.693374,
121HH,121HH,906,0.050864845,5-Digit ZCTA,905,Z5,2.10E-05,42.890418,-74.0755715,
11946,11946,1890,0.111932335,5-Digit ZCTA,1889,Z5,0.000293534,40.890092,-72.4852915,14068
12736,12736,1580,0.177615016,5-Digit ZCTA,1579,Z5,0.000957422,41.8416605,-75.023315,118
11371,11371,1996,0.094114013,5-Digit ZCTA,1995,Z5,0.000290779,40.7752855,-73.872415,
134HH,134HH,397,0.427699177,5-Digit ZCTA,396,Z5,0.000173037,43.610078,-75.213249,
14227,14227,894,0.324505602,5-Digit ZCTA,893,Z5,0.002546071,42.885408,-78.7494025,23426
11509,11509,2431,0.106128535,5-Digit ZCTA,2430,Z5,0.000296909,40.5881838,-73.73047331,2653
14744,14744,1218,0.525572112,5-Digit ZCTA,1217,Z5,0.006027325,42.4264675,-78.213412,
13333,13333,939,0.14726347,5-Digit ZCTA,938,Z5,0.000805109,42.839373,-74.803793,
12032,12032,563,0.867773721,5-Digit ZCTA,562,Z5,0.013675913,43.1539675,-74.5165865,836
13660,13660,68,0.401946837,5-Digit ZCTA,67,Z5,0.003357317,44.746192,-75.088101,1891
129HH,129HH,186,0.095500688,5-Digit ZCTA,185,Z5,0.000260814,44.3238085,-74.3472685,
10522,10522,1847,0.107938475,5-Digit ZCTA,1846,Z5,0.000676125,41.011297,-73.8648285,10875
12577,12577,1708,0.271586883,5-Digit ZCTA,1707,Z5,0.001469904,41.425299,-74.114491,2029
14717,14717,1264,0.529331476,5-Digit ZCTA,1263,Z5,0.00602428,42.366166,-78.2092015,
12763,12763,1630,0.328492049,5-Digit ZCTA,1629,Z5,0.002998721,41.693229,-74.525023,942
104HH,104HH,2363,0.074566405,5-Digit ZCTA,2362,Z5,7.72E-05,40.8744785,-73.79619442,
136HH,136HH,253,0.109160267,5-Digit ZCTA,252,Z5,0.000436513,44.095833,-75.937692,
11701,11701,2104,0.215335712,5-Digit ZCTA,2103,Z5,0.001234099,40.6862495,-73.4103665,
129HH,129HH,97,0.196391474,5-Digit ZCTA,96,Z5,9.65E-05,44.6091405,-73.7988245,
14873,14873,1150,0.899753631,5-Digit ZCTA,1149,Z5,0.020319215,42.511366,-77.2914965,2448
13318,13318,831,0.44543572,5-Digit ZCTA,830,Z5,0.007055551,42.9222245,-75.2603475,1325
12170,12170,744,0.582795694,5-Digit ZCTA,743,Z5,0.008577659,42.999387,-73.6586405,4945
13783,13783,1486,0.996872118,5-Digit ZCTA,1485,Z5,0.022515764,42.0211875,-75.292717,
13041,13041,577,0.455158916,5-Digit ZCTA,576,Z5,0.005497926,43.1842675,-76.200148,
13069,13069,467,0.824421968,5-Digit ZCTA,466,Z5,0.013042734,43.3125845,-76.4461155,24931
136HH,136HH,2263,0.011584325,5-Digit ZCTA,2262,Z5,6.08E-06,44.04428994,-76.29620092,
11757,11757,2100,0.25679992,5-Digit ZCTA,2099,Z5,0.001902214,40.6903495,-73.374865,45700
121HH,121HH,1140,0.209791438,5-Digit ZCTA,1139,Z5,0.000153685,42.559654,-74.948278,
121HH,121HH,449,0.069145841,5-Digit ZCTA,448,Z5,0.000132459,43.4415315,-74.484028,
131HH,131HH,659,0.395880755,5-Digit ZCTA,658,Z5,0.000557839,43.120751,-76.4608245,
147HH,147HH,1283,0.13111247,5-Digit ZCTA,1282,Z5,0.000240004,42.3734235,-78.2050585,
11793,11793,2209,0.035656024,5-Digit ZCTA,2208,Z5,8.27E-05,40.6190515,-73.49132,
10960,10960,1806,0.268379178,5-Digit ZCTA,1805,Z5,0.001177896,41.0865535,-73.9284315,15093
13731,13731,1479,0.426206173,5-Digit ZCTA,1478,Z5,0.007815987,42.0624425,-74.7629735,1162
11236,11236,2153,0.12913098,5-Digit ZCTA,2152,Z5,0.000947514,40.6392155,-73.899978,93877
13843,13843,1103,1.062391161,5-Digit ZCTA,1102,Z5,0.012458364,42.534271,-75.3772695,1888
111HH,111HH,1989,0.093052783,5-Digit ZCTA,1988,Z5,0.000177827,40.785998,-73.898984,
10708,10708,1865,0.177979671,5-Digit ZCTA,1864,Z5,0.000810093,40.938398,-73.828778,21225
11792,11792,2335,0.27217985,5-Digit ZCTA,2334,Z5,0.002454875,40.940354,-72.8311295,8523
10470,10470,1885,0.107071042,5-Digit ZCTA,1884,Z5,0.00024384,40.9015875,-73.8640995,15293
12449,12449,1546,0.127530326,5-Digit ZCTA,1545,Z5,0.000605886,41.9879715,-73.9899705,
13856,13856,1329,1.79590819,5-Digit ZCTA,1328,Z5,0.050746118,42.1714625,-75.1790175,
14437,14437,1058,1.504544609,5-Digit ZCTA,1057,Z5,0.034327988,42.5815365,-77.7275005,11415
12517,12517,1427,0.238903304,5-Digit ZCTA,1426,Z5,0.001491624,42.1402695,-73.50789371,509
13413,13413,706,0.580062495,5-Digit ZCTA,705,Z5,0.005248779,43.0610195,-75.270482,
117HH,117HH,1864,0.072272363,5-Digit ZCTA,1863,Z5,0.000158278,40.95702313,-73.032856,
13903,13903,1492,0.631197048,5-Digit ZCTA,1491,Z5,0.011454619,42.05086345,-75.8839735,18763
129HH,129HH,184,0.080662661,5-Digit ZCTA,183,Z5,0.000115728,44.331734,-74.3973205,
12831,12831,536,0.813583714,5-Digit ZCTA,535,Z5,0.018478707,43.1954465,-73.6846105,
13331,13331,338,0.072777932,5-Digit ZCTA,337,Z5,6.75E-05,43.787755,-74.972838,189
14102,14102,944,0.136874306,5-Digit ZCTA,943,Z5,0.000698003,42.834905,-78.557372,1281
12087,12087,1203,0.142030625,5-Digit ZCTA,1202,Z5,0.000951573,42.46591,-73.954656,1073
136HH,136HH,210,0.045048051,5-Digit ZCTA,209,Z5,0.000110612,44.2911895,-75.809162,
140HH,140HH,1153,0.377562036,5-Digit ZCTA,1152,Z5,0.000132352,42.5512349,-79.06828591,
10472,10472,1942,0.092450185,5-Digit ZCTA,1941,Z5,0.000307354,40.8299155,-73.864577,66358
129HH,129HH,211,0.136429632,5-Digit ZCTA,210,Z5,0.000445942,44.2790915,-74.4757375,
10956,10956,1793,0.405632346,5-Digit ZCTA,1792,Z5,0.00429525,41.1557445,-73.9899835,31521
11765,11765,2357,0.13052691,5-Digit ZCTA,2356,Z5,0.000634616,40.884848,-73.5578685,737
10986,10986,1755,0.369578932,5-Digit ZCTA,1754,Z5,0.001690424,41.28047,-73.982815,1974
10588,10588,1741,0.151133449,5-Digit ZCTA,1740,Z5,0.000566722,41.322118,-73.820833,2282
14817,14817,1238,0.801224473,5-Digit ZCTA,1237,Z5,0.012784106,42.3746735,-76.3398045,2380
13353,13353,401,1.092640058,5-Digit ZCTA,400,Z5,0.047808817,43.443811,-74.7483415,
12472,12472,1575,0.318797564,5-Digit ZCTA,1574,Z5,0.001066127,41.85112,-74.0746325,1572
134HH,134HH,354,0.062423908,5-Digit ZCTA,353,Z5,9.80E-05,43.7419275,-74.6007815,
11218,11218,2403,0.096644339,5-Digit ZCTA,2402,Z5,0.000402847,40.64434,-73.9778955,75220
10984,10984,1785,0.13252157,5-Digit ZCTA,1784,Z5,0.000391467,41.209494,-74.016735,2842
12964,12964,237,0.387771128,5-Digit ZCTA,236,Z5,0.008132812,44.128198,-73.6419625,
105HH,105HH,1773,0.030234424,5-Digit ZCTA,1772,Z5,3.44E-05,41.254453,-73.9505375,
12025,12025,619,0.837852982,5-Digit ZCTA,618,Z5,0.012425142,43.0938185,-74.1182665,5505
10458,10458,1906,0.079282982,5-Digit ZCTA,1905,Z5,0.000336754,40.8651285,-73.8866545,79492
145HH,145HH,969,0.413703438,5-Digit ZCTA,968,Z5,0.002628186,42.742735,-77.3127685,
14136,14136,2306,0.588434721,5-Digit ZCTA,2305,Z5,0.007069303,42.522345,-79.18031591,5033
12766,12766,1596,0.239769061,5-Digit ZCTA,1595,Z5,0.001945379,41.8106335,-74.9799765,437
128HH,128HH,504,0.117262785,5-Digit ZCTA,503,Z5,0.000208643,43.3052975,-73.9039875,
13502,13502,559,0.836040255,5-Digit ZCTA,558,Z5,0.013225677,43.1613775,-75.14215,
14445,14445,686,0.16669461,5-Digit ZCTA,685,Z5,0.000651546,43.1115585,-77.496669,8019
10119,10119,2066,0.009034671,5-Digit ZCTA,2065,Z5,4.41E-06,40.750533,-73.993087,
14711,14711,1288,0.400537919,5-Digit ZCTA,1287,Z5,0.003594825,42.336062,-78.0793095,1766
10710,10710,1851,0.162071682,5-Digit ZCTA,1850,Z5,0.001360064,40.9667475,-73.846928,25120
11101,11101,2036,0.194702374,5-Digit ZCTA,2035,Z5,0.000760004,40.739554,-73.9367445,25484
138HH,138HH,1277,0.137873479,5-Digit ZCTA,1276,Z5,0.000474856,42.369448,-75.971446,
14139,14139,1017,0.502444001,5-Digit ZCTA,1016,Z5,0.006594187,42.727452,-78.5359395,2125
12077,12077,1113,0.367061834,5-Digit ZCTA,1112,Z5,0.002701869,42.5877795,-73.786766,6246
12122,12122,1096,1.370428137,5-Digit ZCTA,1095,Z5,0.030242295,42.55939,-74.2998515,4582
13314,13314,925,0.699300503,5-Digit ZCTA,924,Z5,0.006870748,42.829499,-75.327184,443
13417,13417,695,0.109817566,5-Digit ZCTA,694,Z5,0.000385897,43.1021565,-75.2956105,3305
11763,11763,1913,0.380992055,5-Digit ZCTA,1912,Z5,0.00389742,40.831442,-72.97571,28506
13660,13660,51,0.848329209,5-Digit ZCTA,50,Z5,0.012352582,44.7800365,-75.183749,
10006,10006,2387,0.019177236,5-Digit ZCTA,2386,Z5,1.77E-05,40.7082875,-74.013182,3011
13655,13655,9,0.241914365,5-Digit ZCTA,8,Z5,0.002859493,44.9781155,-74.68430797,
10002,10002,2377,0.079431785,5-Digit ZCTA,2376,Z5,0.000262565,40.7181955,-73.984751,81410
11758,11758,2201,0.021900032,5-Digit ZCTA,2200,Z5,2.72E-05,40.624451,-73.4810195,
12206,12206,1065,0.182837065,5-Digit ZCTA,1064,Z5,0.000638905,42.6763785,-73.791715,16395
14586,14586,733,0.322405084,5-Digit ZCTA,732,Z5,0.003069389,43.0481495,-77.6892255,10256
12015,12015,1326,0.439548701,5-Digit ZCTA,1325,Z5,0.002970437,42.2822615,-73.825801,
121HH,121HH,956,0.126181291,5-Digit ZCTA,955,Z5,8.49E-05,42.819077,-73.813515,
13630,13630,114,0.410007955,5-Digit ZCTA,113,Z5,0.00351882,44.4963255,-75.398352,
121HH,121HH,937,0.408703509,5-Digit ZCTA,936,Z5,0.000467515,42.8122265,-73.8284155,
11953,11953,1886,0.241888132,5-Digit ZCTA,1885,Z5,0.002778371,40.879218,-72.953284,13553
13310,13310,876,0.389676988,5-Digit ZCTA,875,Z5,0.00211223,42.885747,-75.571111,624
14527,14527,1123,0.308982593,5-Digit ZCTA,1122,Z5,0.001258254,42.558716,-77.1104565,12820
11222,11222,2084,0.100131401,5-Digit ZCTA,2083,Z5,0.000511392,40.728159,-73.943117,36934
13140,13140,701,0.213134738,5-Digit ZCTA,700,Z5,0.001723494,43.0710405,-76.6897175,
12996,12996,151,0.918356108,5-Digit ZCTA,150,Z5,0.013886145,44.3572895,-73.4178095,
14150,14150,771,0.413083787,5-Digit ZCTA,770,Z5,0.004325041,42.990452,-78.881659,41676
13846,13846,1282,0.386604868,5-Digit ZCTA,1281,Z5,0.003219599,42.3508605,-75.059653,305
14065,14065,1181,0.972486369,5-Digit ZCTA,1180,Z5,0.010163882,42.478893,-78.302082,1896
11691,11691,2423,0.029222508,5-Digit ZCTA,2422,Z5,5.93E-05,40.606337,-73.799032,
11569,11569,2242,0.03274851,5-Digit ZCTA,2241,Z5,4.04E-05,40.602503,-73.611423,
14514,14514,669,0.150419963,5-Digit ZCTA,668,Z5,0.000802879,43.119941,-77.8060285,6389
11706,11706,2010,0.426794722,5-Digit ZCTA,2009,Z5,0.0041843,40.7337945,-73.2652095,
10536,10536,1763,0.4948542,5-Digit ZCTA,1762,Z5,0.003537335,41.261344,-73.665296,
14489,14489,611,1.122575215,5-Digit ZCTA,610,Z5,0.02007339,43.079509,-76.985389,7192
11951,11951,2376,0.225876994,5-Digit ZCTA,2375,Z5,0.001322218,40.7660325,-72.837691,13680
133HH,133HH,480,0.545623704,5-Digit ZCTA,479,Z5,0.000911277,43.342751,-75.0218335,
13077,13077,982,0.944192098,5-Digit ZCTA,981,Z5,0.018377384,42.712245,-76.1854385,6735
13624,13624,215,0.967696503,5-Digit ZCTA,214,Z5,0.015279147,44.2081225,-76.096937,
13808,13808,1136,0.623679736,5-Digit ZCTA,1135,Z5,0.011446704,42.5322,-75.2510355,1771
14754,14754,1521,0.406526038,5-Digit ZCTA,1520,Z5,0.003609264,42.03258458,-78.1917316,667
14611,14611,640,0.215622757,5-Digit ZCTA,639,Z5,0.000834969,43.140763,-77.644575,17396
137HH,137HH,1485,0.295896816,5-Digit ZCTA,1484,Z5,7.52E-05,42.066258,-76.3534235,
13460,13460,1026,0.696888286,5-Digit ZCTA,1025,Z5,0.018207806,42.6811395,-75.452342,4429
12423,12423,1249,0.375461843,5-Digit ZCTA,1248,Z5,0.003876615,42.3808075,-74.114688,1097
121HH,121HH,436,0.1662387,5-Digit ZCTA,435,Z5,0.000710845,43.4878035,-74.4221065,
14721,14721,1545,0.04802264,5-Digit ZCTA,1544,Z5,3.76E-05,42.00110956,-78.2576635,230
11520,11520,2144,0.318200652,5-Digit ZCTA,2143,Z5,0.001404569,40.6489015,-73.582273,43341
13112,13112,682,0.431288658,5-Digit ZCTA,681,Z5,0.00406905,43.0806655,-76.394136,
14303,14303,713,0.185860294,5-Digit ZCTA,712,Z5,0.000839626,43.083655,-79.030065,5981
14706,14706,1487,0.502122361,5-Digit ZCTA,1486,Z5,0.009344569,42.0537855,-78.5483415,6356
14516,14516,2286,0.593927302,5-Digit ZCTA,2285,Z5,0.008705505,43.201359,-76.9118285,2365
12448,12448,1490,0.04089896,5-Digit ZCTA,1489,Z5,8.42E-05,42.0996755,-74.1640135,388
13303,13303,448,0.750761399,5-Digit ZCTA,447,Z5,0.009642309,43.374818,-75.4685765,1153
13730,13730,1335,0.598854506,5-Digit ZCTA,1334,Z5,0.010187692,42.2546375,-75.562396,
14838,14838,1423,0.031203084,5-Digit ZCTA,1422,Z5,4.22E-05,42.1801665,-76.7320615,5648
12190,12190,378,1.496590573,5-Digit ZCTA,377,Z5,0.051720738,43.507064,-74.3196235,674
130HH,130HH,965,0.064782339,5-Digit ZCTA,964,Z5,0.000234784,42.8135195,-75.8916325,
134HH,134HH,403,0.076355753,5-Digit ZCTA,402,Z5,0.000145201,43.6055645,-74.9021445,
14812,14812,1285,1.149530425,5-Digit ZCTA,1284,Z5,0.021061774,42.296292,-76.972476,3478
128HH,128HH,345,0.201298089,5-Digit ZCTA,344,Z5,0.000688603,43.7469775,-73.786878,
13057,13057,665,0.59278331,5-Digit ZCTA,664,Z5,0.007193316,43.087382,-76.0244655,14992
12086,12086,783,0.149529712,5-Digit ZCTA,782,Z5,0.000955466,43.0108545,-74.077189,
14804,14804,1295,0.824742845,5-Digit ZCTA,1294,Z5,0.016245113,42.3145305,-77.8612055,1479
12937,12937,15,0.65051059,5-Digit ZCTA,14,Z5,0.009683177,44.95007529,-74.4852305,1572
13425,13425,792,0.579725353,5-Digit ZCTA,791,Z5,0.006945184,42.9678195,-75.48516,1970
10021,10021,2005,0.084257188,5-Digit ZCTA,2004,Z5,0.000347816,40.7693625,-73.9610155,43631
14895,14895,1428,1.3241874,5-Digit ZCTA,1427,Z5,0.032191814,42.08625007,-77.9477425,9616
11226,11226,2404,0.090530433,5-Digit ZCTA,2403,Z5,0.000379944,40.644717,-73.9582775,101572
10475,10475,1894,0.052468841,5-Digit ZCTA,1893,Z5,7.26E-05,40.879728,-73.819453,40931
13676,13676,90,0.021040056,5-Digit ZCTA,89,Z5,2.61E-05,44.659611,-74.9853895,16646
12184,12184,1207,0.720832046,5-Digit ZCTA,1206,Z5,0.010782696,42.4075745,-73.660654,7148
14478,14478,1110,0.216786205,5-Digit ZCTA,1109,Z5,0.001295843,42.6139595,-77.122866,1595
12979,12979,5,0.316980595,5-Digit ZCTA,4,Z5,0.001706169,44.9723537,-73.3815195,2304
12042,12042,1276,0.105849054,5-Digit ZCTA,1275,Z5,0.000481858,42.3816785,-73.869108,271
10167,10167,2056,0.004697754,5-Digit ZCTA,2055,Z5,7.92E-07,40.755149,-73.97497,
137HH,137HH,1312,0.619589389,5-Digit ZCTA,1311,Z5,0.000227465,42.2722855,-75.830399,
128HH,128HH,311,0.761757206,5-Digit ZCTA,310,Z5,0.001791282,43.79250478,-73.382555,
14815,14815,1252,0.526056267,5-Digit ZCTA,1251,Z5,0.005732843,42.363845,-77.089243,946
13679,13679,175,0.017962221,5-Digit ZCTA,174,Z5,2.15E-05,44.362024,-75.907059,1853
12778,12778,1651,0.215297786,5-Digit ZCTA,1650,Z5,0.00169644,41.6395945,-74.811223,633
13606,13606,315,0.823462521,5-Digit ZCTA,314,Z5,0.011114422,43.8658485,-76.0081985,2716
109HH,109HH,1722,0.046093285,5-Digit ZCTA,1721,Z5,6.55E-05,41.4079315,-74.224225,
12962,12962,63,0.557247866,5-Digit ZCTA,62,Z5,0.007501265,44.737,-73.6034545,
128HH,128HH,718,0.321353233,5-Digit ZCTA,717,Z5,0.001021245,43.038507,-73.7129535,
14614,14614,631,0.043194794,5-Digit ZCTA,630,Z5,9.00E-05,43.158413,-77.615824,1224
12521,12521,1399,0.668446057,5-Digit ZCTA,1398,Z5,0.009353729,42.174686,-73.6513535,1644
11558,11558,2204,0.039529847,5-Digit ZCTA,2203,Z5,7.25E-05,40.617815,-73.667074,
12134,12134,549,0.175072106,5-Digit ZCTA,548,Z5,0.000960504,43.2273935,-74.2020655,
13752,13752,1373,0.674891896,5-Digit ZCTA,1372,Z5,0.012751518,42.169464,-74.9068255,782
11103,11103,2022,0.066154781,5-Digit ZCTA,2021,Z5,0.000204809,40.7619865,-73.91149,38780
144HH,144HH,478,0.055608886,5-Digit ZCTA,477,Z5,3.84E-05,43.37238689,-78.17737629,
11804,11804,2003,0.108892288,5-Digit ZCTA,2002,Z5,0.000501539,40.764549,-73.4546675,5010
10526,10526,1764,0.021071926,5-Digit ZCTA,1763,Z5,2.21E-05,41.297801,-73.6220675,1809
134HH,134HH,645,0.089076763,5-Digit ZCTA,644,Z5,6.33E-05,43.1485535,-74.573581,
12752,12752,1644,0.089264873,5-Digit ZCTA,1643,Z5,0.000384926,41.680738,-74.9903195,242
12524,12524,1678,0.523402881,5-Digit ZCTA,1677,Z5,0.004670542,41.5296135,-73.9083805,15598
14432,14432,767,0.733277153,5-Digit ZCTA,766,Z5,0.010473726,42.962942,-77.143228,5726
11569,11569,2241,0.045808865,5-Digit ZCTA,2240,Z5,0.00012323,40.604702,-73.559872,
12498,12498,1498,0.545467159,5-Digit ZCTA,1497,Z5,0.0069535,42.0476755,-74.1228475,4851
11235,11235,2428,0.213610921,5-Digit ZCTA,2427,Z5,0.000682208,40.58323,-73.943832,79132
11932,11932,2329,0.411700128,5-Digit ZCTA,2328,Z5,0.002517598,40.93457078,-72.308939,1398
12967,12967,52,0.60212923,5-Digit ZCTA,51,Z5,0.012244777,44.77825,-74.6692,1223
129HH,129HH,128,0.107246847,5-Digit ZCTA,127,Z5,0.000371049,44.504777,-73.8775975,
11766,11766,1862,0.278306421,5-Digit ZCTA,1861,Z5,0.001599253,40.93392784,-73.0130365,12635
14098,14098,474,0.685956892,5-Digit ZCTA,473,Z5,0.013673543,43.3235785,-78.3730705,2958
13360,13360,332,0.797470543,5-Digit ZCTA,331,Z5,0.013904267,43.742599,-74.74024,333
13856,13856,1534,0.22369302,5-Digit ZCTA,1533,Z5,0.001667366,41.9987125,-75.1940235,6596
14541,14541,971,0.826769997,5-Digit ZCTA,970,Z5,0.012585348,42.7521475,-76.841691,4129
14708,14708,1526,0.466100827,5-Digit ZCTA,1525,Z5,0.002895193,42.02206686,-78.04420849,183
14522,14522,683,0.904635931,5-Digit ZCTA,682,Z5,0.01303509,43.0621785,-77.220972,9565
128HH,128HH,321,0.667291934,5-Digit ZCTA,320,Z5,0.002431653,43.8367315,-74.6339415,
10707,10707,1854,0.103778508,5-Digit ZCTA,1853,Z5,0.000367543,40.961798,-73.8237775,10097
11426,11426,2062,0.090530592,5-Digit ZCTA,2061,Z5,0.000446441,40.7378875,-73.7222165,17590
13450,13450,1045,0.225259834,5-Digit ZCTA,1044,Z5,0.000979028,42.6983465,-74.8098315,104
13682,13682,322,0.139867791,5-Digit ZCTA,321,Z5,0.000632578,43.875699,-75.812965,877
12941,12941,155,0.940658651,5-Digit ZCTA,154,Z5,0.012428472,44.347514,-73.7378135,1428
11569,11569,2205,0.030962829,5-Digit ZCTA,2204,Z5,2.37E-05,40.619852,-73.582672,
11976,11976,2336,0.538044535,5-Digit ZCTA,2335,Z5,0.003296311,40.92636101,-72.3453115,1565
12733,12733,1619,0.301223311,5-Digit ZCTA,1618,Z5,0.001476691,41.7233035,-74.609501,1446
14070,14070,1169,1.06131783,5-Digit ZCTA,1168,Z5,0.014676787,42.443844,-78.899082,6732
12010,12010,866,0.354518033,5-Digit ZCTA,865,Z5,0.002603068,42.89428,-74.2923505,28937
134HH,134HH,507,0.36362919,5-Digit ZCTA,506,Z5,0.001087379,43.292819,-75.4227675,
13862,13862,1260,0.63747657,5-Digit ZCTA,1259,Z5,0.009731065,42.349361,-75.927464,
12110,12110,998,0.349184775,5-Digit ZCTA,997,Z5,0.004015327,42.7525775,-73.7779645,21908
11782,11782,2446,0.939867892,5-Digit ZCTA,2445,Z5,0.001556238,40.70787484,-72.950839,
13140,13140,731,0.043500435,5-Digit ZCTA,730,Z5,9.59E-05,43.077397,-76.6541355,4488
12581,12581,1554,0.597831361,5-Digit ZCTA,1553,Z5,0.011014849,41.9108285,-73.6940205,2246
14621,14621,594,0.168687266,5-Digit ZCTA,593,Z5,0.001016631,43.1853375,-77.602424,33802
14857,14857,1184,0.023528565,5-Digit ZCTA,1183,Z5,3.33E-05,42.515885,-76.92077,
133HH,133HH,317,0.220895149,5-Digit ZCTA,316,Z5,0.000207798,43.8833735,-75.1686835,
14716,14716,1250,0.37804949,5-Digit ZCTA,1249,Z5,0.003473545,42.380701,-79.4322065,3104
13328,13328,785,0.362635456,5-Digit ZCTA,784,Z5,0.004750371,42.9815155,-75.4185445,1267
11758,11758,2168,0.022231229,5-Digit ZCTA,2167,Z5,3.04E-05,40.6422395,-73.481429,
14067,14067,514,0.522216766,5-Digit ZCTA,513,Z5,0.008327403,43.2493095,-78.57299,
11432,11432,2095,0.110838976,5-Digit ZCTA,2094,Z5,0.00062973,40.7141485,-73.79338,60809
12946,12946,195,0.048111565,5-Digit ZCTA,194,Z5,0.00015055,44.3147855,-73.981407,5492
12029,12029,1216,0.38846323,5-Digit ZCTA,1215,Z5,0.006039085,42.40793205,-73.43016139,1113
139HH,139HH,1400,0.648198431,5-Digit ZCTA,1399,Z5,0.000351611,42.156177,-75.888539,
120HH,120HH,1118,0.455411493,5-Digit ZCTA,1117,Z5,0.000420554,42.5435255,-73.767119,
11955,11955,2374,0.12478945,5-Digit ZCTA,2373,Z5,0.000759336,40.804418,-72.8190095,3285
10154,10154,2049,0.005053072,5-Digit ZCTA,2048,Z5,1.36E-06,40.757989,-73.972668,
12553,12553,1693,0.536750792,5-Digit ZCTA,1692,Z5,0.00745348,41.4468175,-74.0689465,24438
10589,10589,1738,0.30234568,5-Digit ZCTA,1737,Z5,0.002231605,41.3246025,-73.69763,8475
13667,13667,41,0.607166517,5-Digit ZCTA,40,Z5,0.007284495,44.8430715,-74.9925425,
127HH,127HH,1574,0.238870521,5-Digit ZCTA,1573,Z5,0.000629479,41.8511325,-74.6521315,
13691,13691,199,1.108312005,5-Digit ZCTA,198,Z5,0.021731459,44.2109465,-75.760643,3176
13687,13687,121,0.780378306,5-Digit ZCTA,120,Z5,0.008577648,44.432121,-74.815547,479
138HH,138HH,1180,0.15551656,5-Digit ZCTA,1179,Z5,0.000163789,42.515248,-74.978924,
14217,14217,816,0.136989028,5-Digit ZCTA,815,Z5,0.00084399,42.976057,-78.872308,23480
14801,14801,1411,1.211232823,5-Digit ZCTA,1410,Z5,0.030834525,42.10237685,-77.2982515,5475
109XX,109XX,1733,0.613465924,5-Digit ZCTA,1732,Z5,0.00609523,41.302461,-74.049927,
12841,12841,381,0.151372616,5-Digit ZCTA,380,Z5,0.00012921,43.651946,-73.50973,
13210,13210,754,0.171579754,5-Digit ZCTA,753,Z5,0.001313351,43.0300975,-76.1240585,27606
12571,12571,1525,0.701418316,5-Digit ZCTA,1524,Z5,0.013107494,41.992795,-73.8362085,9918
14454,14454,931,0.94711393,5-Digit ZCTA,930,Z5,0.014701142,42.781221,-77.781591,11073
14604,14604,639,0.041860024,5-Digit ZCTA,638,Z5,9.68E-05,43.155413,-77.6058235,1743
13672,13672,96,1.855173355,5-Digit ZCTA,95,Z5,0.032621061,44.4679485,-74.6986265,602
13605,13605,2264,1.450845938,5-Digit ZCTA,2263,Z5,0.022825002,43.81654443,-76.044842,4777
129HH,129HH,75,0.134618211,5-Digit ZCTA,74,Z5,0.000259196,44.7029745,-74.127662,
142HH,142HH,726,0.280694086,5-Digit ZCTA,725,Z5,3.92E-05,43.060057,-78.7828055,
109HH,109HH,1777,0.631789361,5-Digit ZCTA,1776,Z5,0.00510701,41.1204455,-73.9315405,
13620,13620,319,0.142842677,5-Digit ZCTA,318,Z5,0.000903729,43.878167,-75.510061,2197
12853,12853,358,0.931101513,5-Digit ZCTA,357,Z5,0.025637474,43.631676,-74.021782,
144HH,144HH,481,0.044612605,5-Digit ZCTA,480,Z5,1.53E-05,43.36740718,-78.19767238,
11771,11771,2361,0.372784598,5-Digit ZCTA,2360,Z5,0.00259189,40.8625985,-73.528918,
13501,13501,702,0.347902287,5-Digit ZCTA,701,Z5,0.002547094,43.074169,-75.229958,38546
11378,11378,2086,0.132994354,5-Digit ZCTA,2085,Z5,0.000706487,40.7243895,-73.9110295,34981
13339,13339,814,0.069296549,5-Digit ZCTA,813,Z5,0.000118045,42.995325,-74.723705,6941
10964,10964,1838,0.150117729,5-Digit ZCTA,1837,Z5,0.000647599,41.017847,-73.92066057,1472
144HH,144HH,703,0.23945667,5-Digit ZCTA,702,Z5,7.17E-05,43.089305,-77.419314,
12592,12592,1594,0.493102218,5-Digit ZCTA,1593,Z5,0.004077292,41.793397,-73.56135866,1486
12743,12743,1667,0.363210157,5-Digit ZCTA,1666,Z5,0.004784276,41.556797,-74.835036,389
12950,12950,164,0.674098281,5-Digit ZCTA,163,Z5,0.015759286,44.321513,-73.5845375,929
14569,14569,964,0.972909444,5-Digit ZCTA,963,Z5,0.021769288,42.739528,-78.164804,6211
134HH,134HH,585,0.887452602,5-Digit ZCTA,584,Z5,0.000297427,43.164891,-75.42739,
147XX,147XX,1457,0.093077224,5-Digit ZCTA,1456,Z5,0.000507307,42.1216495,-78.7676845,
145HH,145HH,1049,0.10807044,5-Digit ZCTA,1048,Z5,0.000369051,42.6964695,-78.0354665,
12928,12928,272,0.816553289,5-Digit ZCTA,271,Z5,0.021256897,43.9614035,-73.529896,2028
11702,11702,2179,0.020995772,5-Digit ZCTA,2178,Z5,2.39E-05,40.6365005,-73.397967,
13652,13652,123,1.057398708,5-Digit ZCTA,122,Z5,0.023598977,44.4326435,-75.218157,1815
11566,11566,2227,0.02614898,5-Digit ZCTA,2226,Z5,4.33E-05,40.612852,-73.538921,
11720,11720,1887,0.251161267,5-Digit ZCTA,1886,Z5,0.002269881,40.869442,-73.080857,29189
10502,10502,1842,0.149841877,5-Digit ZCTA,1841,Z5,0.000420573,41.014409,-73.8394,5487
14805,14805,1230,0.570002209,5-Digit ZCTA,1229,Z5,0.008344631,42.374847,-76.736958,1100
129XX,129XX,80,1.238562825,5-Digit ZCTA,79,Z5,0.013677514,44.634358,-74.0733695,
12832,12832,439,1.248236581,5-Digit ZCTA,438,Z5,0.025620563,43.3585125,-73.33191343,7106
12502,12502,1452,0.607129383,5-Digit ZCTA,1451,Z5,0.009947563,42.07409,-73.655001,1164
12972,12972,98,0.914086018,5-Digit ZCTA,97,Z5,0.017429998,44.544765,-73.532033,
12983,12983,209,0.106559349,5-Digit ZCTA,208,Z5,0.000496736,44.28865,-74.3438015,
129HH,129HH,148,0.095782734,5-Digit ZCTA,147,Z5,0.000237774,44.4554855,-74.2384625,
14543,14543,757,0.707274651,5-Digit ZCTA,756,Z5,0.007572555,42.9939635,-77.6777245,3152
12140,12140,1051,0.263675275,5-Digit ZCTA,1050,Z5,0.002071619,42.6930285,-73.557809,1702
12980,12980,84,1.453364387,5-Digit ZCTA,83,Z5,0.056755766,44.557904,-74.600892,1304
10309,10309,2257,0.194193608,5-Digit ZCTA,2256,Z5,0.001900747,40.5302862,-74.220636,32519
114HH,114HH,2402,0.559692118,5-Digit ZCTA,2401,Z5,0.001281939,40.6283845,-73.791902,
10465,10465,1921,0.231687949,5-Digit ZCTA,1920,Z5,0.001032543,40.8326295,-73.816003,42230
143HH,143HH,2291,0.453541364,5-Digit ZCTA,2290,Z5,0.001029416,43.08362214,-78.9902692,
14057,14057,2304,0.726444849,5-Digit ZCTA,2303,Z5,0.013439844,42.636823,-78.877981,8116
14215,14215,844,0.201463496,5-Digit ZCTA,843,Z5,0.001322033,42.935557,-78.8087555,39999
131HH,131HH,545,0.201021334,5-Digit ZCTA,544,Z5,0.001350675,43.23556,-76.094684,
133HH,133HH,306,0.075086323,5-Digit ZCTA,305,Z5,8.49E-05,43.9266385,-75.295798,
14422,14422,655,0.507420573,5-Digit ZCTA,654,Z5,0.009441949,43.0871825,-78.070581,2468
129HH,129HH,28,0.141104159,5-Digit ZCTA,27,Z5,5.14E-05,44.943147,-74.696083,
14081,14081,1125,0.536542565,5-Digit ZCTA,1124,Z5,0.007456406,42.56687463,-79.05756896,
12935,12935,10,1.471924638,5-Digit ZCTA,9,Z5,0.026597568,44.857715,-73.7956315,1748
12520,12520,1710,0.167563699,5-Digit ZCTA,1709,Z5,0.001152807,41.4353235,-74.005363,3109
11778,11778,1861,0.217328286,5-Digit ZCTA,1860,Z5,0.002214594,40.936314,-72.931971,12709
134XX,134XX,348,0.45506047,5-Digit ZCTA,347,Z5,0.005684953,43.7222565,-74.5962885,
14879,14879,1274,0.689935635,5-Digit ZCTA,1273,Z5,0.010744823,42.3304765,-77.1936095,2398
11764,11764,1859,0.253532408,5-Digit ZCTA,1858,Z5,0.002693983,40.935354,-72.980948,13200
10941,10941,1681,0.673765898,5-Digit ZCTA,1680,Z5,0.009411327,41.4921945,-74.3501145,13779
13620,13620,285,0.848759286,5-Digit ZCTA,284,Z5,0.013418329,43.9070305,-75.444684,
10940,10940,1685,0.86494607,5-Digit ZCTA,1684,Z5,0.017701563,41.454405,-74.4710225,48418
134HH,134HH,873,0.133983074,5-Digit ZCTA,872,Z5,3.69E-05,42.9210615,-74.5892145,
14450,14450,629,0.796392482,5-Digit ZCTA,628,Z5,0.009194406,43.1005475,-77.4256205,41104
13456,13456,755,0.601719433,5-Digit ZCTA,754,Z5,0.007428351,42.999843,-75.2526005,4164
12153,12153,1073,0.417350776,5-Digit ZCTA,1072,Z5,0.006249088,42.644873,-73.4726185,814
12838,12838,484,0.225636275,5-Digit ZCTA,483,Z5,0.001924837,43.3396685,-73.4062315,608
124HH,124HH,1590,0.424281682,5-Digit ZCTA,1589,Z5,0.000143057,41.812009,-74.1645855,
12983,12983,201,0.027737021,5-Digit ZCTA,200,Z5,3.34E-05,44.31034,-74.176497,
11963,11963,2317,0.641846411,5-Digit ZCTA,2316,Z5,0.004473565,40.997011,-72.3105185,6622
11762,11762,2119,0.200095877,5-Digit ZCTA,2118,Z5,0.000945251,40.6780555,-73.448718,22360
11724,11724,1901,0.147848408,5-Digit ZCTA,1900,Z5,0.000882899,40.859848,-73.4496655,3220
117HH,117HH,2345,0.225071266,5-Digit ZCTA,2344,Z5,0.000416874,40.917634,-73.161078,
12457,12457,1511,0.453159943,5-Digit ZCTA,1510,Z5,0.005134477,42.0516575,-74.23028,763
12746,12746,1706,0.345634087,5-Digit ZCTA,1705,Z5,0.004044474,41.424794,-74.6499065,937
13224,13224,751,0.208069779,5-Digit ZCTA,750,Z5,0.000976425,43.031766,-76.0948945,8891
12513,12513,1407,0.071739154,5-Digit ZCTA,1406,Z5,0.000100124,42.2082985,-73.687243,
14743,14743,1370,0.932063623,5-Digit ZCTA,1369,Z5,0.014660338,42.196078,-78.4196985,1783
13368,13368,380,0.41751726,5-Digit ZCTA,379,Z5,0.005396285,43.6436655,-75.300064,
11369,11369,2021,0.083564673,5-Digit ZCTA,2020,Z5,0.000318257,40.763315,-73.8695375,38615
12052,12052,997,0.624524373,5-Digit ZCTA,996,Z5,0.006007274,42.7516475,-73.4750645,1568
10007,10007,2381,0.045960205,5-Digit ZCTA,2380,Z5,5.32E-05,40.7139415,-74.008234,6988
12121,12121,898,0.53364892,5-Digit ZCTA,897,Z5,0.005566536,42.858097,-73.6005755,1916
14823,14823,1313,1.412812394,5-Digit ZCTA,1312,Z5,0.024190059,42.242482,-77.5817235,3754
13421,13421,651,0.987399314,5-Digit ZCTA,650,Z5,0.011203166,43.0656705,-75.643613,14125
11233,11233,2135,0.091771378,5-Digit ZCTA,2134,Z5,0.000355445,40.6760485,-73.920613,67053
14737,14737,1243,1.102709237,5-Digit ZCTA,1242,Z5,0.030401529,42.335982,-78.436131,4252
14034,14034,1177,0.496623283,5-Digit ZCTA,1176,Z5,0.007637606,42.492415,-78.861716,2742
12783,12783,1608,0.691985563,5-Digit ZCTA,1607,Z5,0.010904643,41.7365785,-74.8379165,1668
10594,10594,1805,0.144102643,5-Digit ZCTA,1804,Z5,0.000799597,41.115292,-73.770706,5117
11793,11793,2203,0.023128378,5-Digit ZCTA,2202,Z5,3.59E-05,40.622302,-73.518053,
11694,11694,2432,0.165184615,5-Digit ZCTA,2431,Z5,0.000401631,40.574576,-73.84496873,20408
120HH,120HH,765,0.103831087,5-Digit ZCTA,764,Z5,0.000247219,43.0307305,-74.0763825,
13804,13804,1379,0.348372057,5-Digit ZCTA,1378,Z5,0.003284361,42.210477,-75.3706365,391
10962,10962,1829,0.280293219,5-Digit ZCTA,1828,Z5,0.001575412,41.04833559,-73.9609459,
12305,12305,957,0.15645441,5-Digit ZCTA,956,Z5,0.00036801,42.8175765,-73.9490185,
14068,14068,759,0.277711362,5-Digit ZCTA,758,Z5,0.001075258,43.0267495,-78.7593245,7150
12469,12469,1194,0.64541206,5-Digit ZCTA,1193,Z5,0.011815605,42.452092,-74.2512905,677
14830,14830,1374,0.658612627,5-Digit ZCTA,1373,Z5,0.010379648,42.186422,-77.018954,191
14624,14624,634,0.571307772,5-Digit ZCTA,633,Z5,0.008317485,43.120312,-77.731814,36296
117HH,117HH,2355,0.283302703,5-Digit ZCTA,2354,Z5,0.000272997,40.8856655,-73.2301815,
11962,11962,2334,0.197257086,5-Digit ZCTA,2333,Z5,0.001476381,40.93801194,-72.27094575,494
13838,13838,1314,0.337843829,5-Digit ZCTA,1313,Z5,0.003671869,42.292969,-75.386003,4409
12031,12031,1008,0.129616684,5-Digit ZCTA,1007,Z5,0.000632422,42.768954,-74.451452,175
14784,14784,1294,0.571470538,5-Digit ZCTA,1293,Z5,0.008097102,42.315782,-79.388299,1033
14561,14561,903,0.74676125,5-Digit ZCTA,902,Z5,0.014048494,42.821633,-77.1375375,3086
109HH,109HH,1725,0.373240506,5-Digit ZCTA,1724,Z5,0.000664349,41.347303,-73.9665095,
10018,10018,2039,0.052339106,5-Digit ZCTA,2038,Z5,8.53E-05,40.7553325,-73.9922245,5229
13638,13638,274,0.128910972,5-Digit ZCTA,273,Z5,0.000290783,44.0183005,-75.757659,378
14781,14781,1387,0.900715273,5-Digit ZCTA,1386,Z5,0.020763364,42.1683535,-79.616294,2225
115HH,115HH,2406,2.860510551,5-Digit ZCTA,2405,Z5,0.004653285,40.6183025,-73.619773,
13027,13027,603,0.088139106,5-Digit ZCTA,602,Z5,0.000313774,43.180617,-76.2610505,
11566,11566,2215,0.023921133,5-Digit ZCTA,2214,Z5,2.61E-05,40.618852,-73.544671,
10304,10304,2183,0.189911392,5-Digit ZCTA,2182,Z5,0.001016236,40.60682,-74.096736,42193
14619,14619,658,0.09398443,5-Digit ZCTA,657,Z5,0.000400908,43.135537,-77.650814,14749
12480,12480,1402,0.737310566,5-Digit ZCTA,1401,Z5,0.015705352,42.1515665,-74.367925,634
10952,10952,1800,0.336823872,5-Digit ZCTA,1799,Z5,0.00254619,41.11821839,-74.083336,38917
13862,13862,1344,0.146911346,5-Digit ZCTA,1343,Z5,0.000646237,42.282849,-75.907746,4189
13493,13493,432,1.139983352,5-Digit ZCTA,431,Z5,0.020783801,43.427281,-75.87975,2070
11949,11949,2353,0.460857644,5-Digit ZCTA,2352,Z5,0.008745906,40.867186,-72.793865,14573
10025,10025,1969,0.082182174,5-Digit ZCTA,1968,Z5,0.000301844,40.8007635,-73.9652785,94600
14206,14206,2295,0.204490729,5-Digit ZCTA,2294,Z5,0.001493388,42.879208,-78.814555,20751
14301,14301,2292,0.170071377,5-Digit ZCTA,2291,Z5,0.000726269,43.100105,-79.0358155,12817
13812,13812,1502,0.327100378,5-Digit ZCTA,1501,Z5,0.005611751,42.046042,-76.317225,
145HH,145HH,596,0.145433556,5-Digit ZCTA,595,Z5,3.52E-05,43.1912405,-77.7883225,
137HH,137HH,1547,0.590019057,5-Digit ZCTA,1546,Z5,0.000291239,41.968198,-75.209982,
14170,14170,1034,0.362167092,5-Digit ZCTA,1033,Z5,0.004307055,42.692698,-78.668526,2286
128HH,128HH,568,0.105612687,5-Digit ZCTA,567,Z5,0.000303671,43.2050045,-73.423502,
11558,11558,2225,0.021513171,5-Digit ZCTA,2224,Z5,2.03E-05,40.612653,-73.682525,8370
13081,13081,1039,0.493695165,5-Digit ZCTA,1038,Z5,0.008621139,42.6742855,-76.6290915,1169
137HH,137HH,1499,0.342434513,5-Digit ZCTA,1498,Z5,0.000197429,42.04679148,-75.80000186,
11782,11782,2024,0.190204236,5-Digit ZCTA,2023,Z5,0.001485038,40.744715,-73.085979,15814
14807,14807,1192,1.141006827,5-Digit ZCTA,1191,Z5,0.021665402,42.4266115,-77.7319175,3076
13476,13476,674,0.6563468,5-Digit ZCTA,673,Z5,0.006878109,43.0927725,-75.506737,3032
14530,14530,985,0.692054781,5-Digit ZCTA,984,Z5,0.013172428,42.73306,-78.0198525,5575
11693,11693,2178,0.159123539,5-Digit ZCTA,2177,Z5,0.000509643,40.616701,-73.823923,
14883,14883,1291,1.083647202,5-Digit ZCTA,1290,Z5,0.02056049,42.247812,-76.479287,4136
14001,14001,681,0.809885775,5-Digit ZCTA,680,Z5,0.018618262,43.0331345,-78.509982,9464
14889,14889,1354,0.63783588,5-Digit ZCTA,1353,Z5,0.011121268,42.211859,-76.5979245,1590
14894,14894,1524,0.307600132,5-Digit ZCTA,1523,Z5,0.003451806,42.02863922,-76.76146643,1454
128HH,128HH,336,1.007827662,5-Digit ZCTA,335,Z5,0.007858534,43.674496,-73.5498935,
129HH,129HH,180,0.323319567,5-Digit ZCTA,179,Z5,0.000890611,44.3213365,-73.974762,
13795,13795,1465,0.474662405,5-Digit ZCTA,1464,Z5,0.005486633,42.061386,-75.784461,3800
11930,11930,2319,0.375075439,5-Digit ZCTA,2318,Z5,0.002419677,40.99217903,-72.09729183,1343
12570,12570,1656,0.468392513,5-Digit ZCTA,1655,Z5,0.004561174,41.605165,-73.678885,7699
10805,10805,1895,0.022354475,5-Digit ZCTA,1894,Z5,2.93E-05,40.88531491,-73.782927,18414
10040,10040,1916,0.065623719,5-Digit ZCTA,1915,Z5,0.000172353,40.8569665,-73.9284195,41905
14472,14472,775,0.903917987,5-Digit ZCTA,774,Z5,0.013678778,42.9679755,-77.5921335,8598
12486,12486,1584,0.170496276,5-Digit ZCTA,1583,Z5,0.000861369,41.8343985,-74.066173,1523
14718,14718,1270,0.561296271,5-Digit ZCTA,1269,Z5,0.008444951,42.3430185,-79.283068,2163
13315,13315,978,0.895739423,5-Digit ZCTA,977,Z5,0.014517974,42.726046,-75.1161625,1419
10308,10308,2256,0.107300984,5-Digit ZCTA,2255,Z5,0.000520938,40.5514265,-74.149564,27357
12548,12548,1645,0.262121266,5-Digit ZCTA,1644,Z5,0.001792597,41.660057,-74.109174,1494
11701,11701,2147,0.046158116,5-Digit ZCTA,2146,Z5,0.000119617,40.6615,-73.3982665,27109
14617,14617,542,0.243617671,5-Digit ZCTA,541,Z5,0.002348808,43.22453241,-77.591974,22789
12156,12156,1187,0.373496487,5-Digit ZCTA,1186,Z5,0.004658326,42.4675125,-73.727597,848
10989,10989,1803,0.21226689,5-Digit ZCTA,1802,Z5,0.001394468,41.1199895,-73.9356565,9293
14864,14864,1321,0.321149396,5-Digit ZCTA,1320,Z5,0.00389075,42.2789465,-76.8441635,1307
11743,11743,1935,0.148038469,5-Digit ZCTA,1934,Z5,0.001094686,40.821948,-73.4374655,
10998,10998,1732,0.400094418,5-Digit ZCTA,1731,Z5,0.006746588,41.33062022,-74.5466125,3122
12047,12047,972,0.272286233,5-Digit ZCTA,971,Z5,0.002326744,42.78284,-73.732763,
12183,12183,1019,0.072916139,5-Digit ZCTA,1018,Z5,0.000209406,42.7460785,-73.6924125,2620
10928,10928,1731,0.244811981,5-Digit ZCTA,1730,Z5,0.003253795,41.3540825,-74.001694,4175
13790,13790,1394,0.533375957,5-Digit ZCTA,1393,Z5,0.008927168,42.1651085,-76.0047345,19104
10010,10010,2073,0.072766582,5-Digit ZCTA,2072,Z5,9.08E-05,40.7401275,-73.980533,31834
14043,14043,879,0.350211716,5-Digit ZCTA,878,Z5,0.002235021,42.895872,-78.7070805,24742
11706,11706,2448,0.043846439,5-Digit ZCTA,2447,Z5,6.50E-05,40.655899,-73.1836315,
14814,14814,1419,0.407656146,5-Digit ZCTA,1418,Z5,0.001867055,42.144166,-76.95271,1931
12987,12987,167,0.625915123,5-Digit ZCTA,166,Z5,0.008120128,44.3455675,-73.8090425,201
129HH,129HH,214,0.04046847,5-Digit ZCTA,213,Z5,9.32E-05,44.2829725,-74.2808135,
10069,10069,2007,0.019958829,5-Digit ZCTA,2006,Z5,2.08E-05,40.775925,-73.9902015,5199
12742,12742,1624,0.112603725,5-Digit ZCTA,1623,Z5,0.000445899,41.7218515,-74.7226625,181
10590,10590,1757,0.387385501,5-Digit ZCTA,1756,Z5,0.004315085,41.25495172,-73.540832,6767
12549,12549,1672,0.548818632,5-Digit ZCTA,1671,Z5,0.006430542,41.5384655,-74.284627,
